0.027179718017578125
0.024080276489257812
0.01621246337890625
0.0152587890625
0.015974044799804688
0.0209808349609375
0.015974044799804688
0.019073486328125
0.015735626220703125
0.019073486328125
0.017881393432617188
0.022172927856445312
0.02193450927734375
0.015974044799804688
0.016927719116210938
0.02002716064453125
0.016927719116210938
0.01811981201171875
0.016927719116210938
0.017881393432617188
0.016927719116210938
0.016927719116210938
0.0171661376953125
0.028848648071289062
0.017881393432617188
0.016927719116210938
0.01811981201171875
0.017881393432617188
0.017881393432617188
0.017881393432617188
0.023126602172851562
0.030994415283203125
0.023126602172851562
0.016927719116210938
0.019311904907226562
0.01811981201171875
0.02193450927734375
0.019073486328125
0.01811981201171875
0.018835067749023438
0.024080276489257812
0.02574920654296875
0.025987625122070312
0.023126602172851562
0.019311904907226562
0.024080276489257812
0.025033950805664062
0.025987625122070312
0.07486343383789062
0.03933906555175781
0.025033950805664062
0.024080276489257812
0.019073486328125
0.019073486328125
0.018835067749023438
0.02574920654296875
0.02002716064453125
0.02002716064453125
0.02002716064453125
0.020265579223632812
0.02002716064453125
0.02574920654296875
0.020265579223632812
0.019788742065429688
0.02002716064453125
0.0209808349609375
0.02002716064453125
0.027894973754882812
0.019788742065429688
0.02002716064453125
0.0209808349609375
0.0209808349609375
0.02288818359375
0.02002716064453125
0.0209808349609375
0.0209808349609375
0.03504753112792969
0.02193450927734375
0.0209808349609375
0.0209808349609375
0.0209808349609375
0.025033950805664062
0.02193450927734375
0.0209808349609375
0.0209808349609375
0.024080276489257812
0.026941299438476562
0.025033950805664062
0.029802322387695312
0.02193450927734375
0.02193450927734375
0.027179718017578125
0.02193450927734375
0.02193450927734375
0.02193450927734375
0.023126602172851562
0.027894973754882812
0.02193450927734375
0.022172927856445312
0.030994415283203125
