0.024080276489257812
0.023126602172851562
0.023126602172851562
0.028848648071289062
0.02288818359375
0.024080276489257812
0.029802322387695312
0.02384185791015625
0.023126602172851562
0.024080276489257812
0.02384185791015625
0.023603439331054688
0.025033950805664062
0.029087066650390625
0.0247955322265625
0.027894973754882812
0.0400543212890625
0.025033950805664062
0.025033950805664062
0.0247955322265625
0.025272369384765625
0.028848648071289062
0.025033950805664062
0.027894973754882812
0.04982948303222656
0.025987625122070312
0.0247955322265625
0.06914138793945312
0.025987625122070312
0.026226043701171875
0.026941299438476562
0.027179718017578125
0.025987625122070312
0.025987625122070312
0.029087066650390625
0.028848648071289062
0.027179718017578125
0.02574920654296875
0.026941299438476562
0.031948089599609375
0.026226043701171875
0.026941299438476562
0.028133392333984375
0.026941299438476562
0.03361701965332031
0.026941299438476562
0.027179718017578125
0.028133392333984375
0.034809112548828125
0.026941299438476562
0.030994415283203125
0.027179718017578125
0.026941299438476562
0.030040740966796875
0.027179718017578125
0.028133392333984375
0.029087066650390625
0.029802322387695312
0.028848648071289062
0.028133392333984375
0.03314018249511719
0.029087066650390625
0.032901763916015625
0.032901763916015625
0.03409385681152344
0.03504753112792969
0.030040740966796875
0.030040740966796875
0.03695487976074219
0.03504753112792969
0.028848648071289062
0.030040740966796875
0.029802322387695312
0.032901763916015625
0.030994415283203125
0.029325485229492188
0.030994415283203125
0.03409385681152344
0.030040740966796875
0.030040740966796875
0.030279159545898438
0.030994415283203125
0.030994415283203125
0.030994415283203125
0.030994415283203125
0.030040740966796875
0.03409385681152344
0.031948089599609375
0.03504753112792969
0.031232833862304688
0.031948089599609375
0.03886222839355469
0.030994415283203125
0.030994415283203125
0.031948089599609375
0.033855438232421875
0.03886222839355469
0.030755996704101562
0.030994415283203125
0.057220458984375
