0.015735626220703125
0.030994415283203125
0.018835067749023438
0.017881393432617188
0.019311904907226562
0.0209808349609375
0.020265579223632812
0.018835067749023438
0.015735626220703125
0.015974044799804688
0.02002716064453125
0.01621246337890625
0.015020370483398438
0.015974044799804688
0.015020370483398438
0.024080276489257812
0.015020370483398438
0.015735626220703125
0.015974044799804688
0.0209808349609375
0.015735626220703125
0.015974044799804688
0.0152587890625
0.02384185791015625
0.024080276489257812
0.015974044799804688
0.0209808349609375
0.015735626220703125
0.01621246337890625
0.0209808349609375
0.019073486328125
0.016927719116210938
0.015735626220703125
0.015020370483398438
0.014781951904296875
0.016927719116210938
0.015974044799804688
0.015974044799804688
0.015020370483398438
0.025033950805664062
0.027179718017578125
0.02002716064453125
0.02193450927734375
0.015974044799804688
0.015974044799804688
0.015974044799804688
0.015974044799804688
0.015974044799804688
0.01621246337890625
0.024080276489257812
0.019788742065429688
0.025033950805664062
0.015974044799804688
0.015735626220703125
0.015735626220703125
0.015974044799804688
0.016927719116210938
0.01621246337890625
0.015974044799804688
0.024080276489257812
0.0171661376953125
0.015974044799804688
0.015974044799804688
0.016927719116210938
0.01621246337890625
0.015974044799804688
0.01621246337890625
0.016689300537109375
0.015974044799804688
0.016927719116210938
0.015735626220703125
0.0171661376953125
0.015974044799804688
0.015974044799804688
0.01621246337890625
0.015974044799804688
0.017881393432617188
0.01621246337890625
0.02288818359375
0.015020370483398438
0.025987625122070312
0.02384185791015625
0.015735626220703125
0.02002716064453125
0.015974044799804688
0.016927719116210938
0.015735626220703125
0.015735626220703125
0.0171661376953125
0.024080276489257812
0.016689300537109375
0.01621246337890625
0.015020370483398438
0.02002716064453125
0.02193450927734375
0.016927719116210938
0.01621246337890625
0.016927719116210938
0.015735626220703125
0.015974044799804688
