0.02384185791015625
0.016927719116210938
0.0171661376953125
0.0171661376953125
0.023603439331054688
0.015974044799804688
0.02002716064453125
0.01621246337890625
0.016927719116210938
0.017881393432617188
0.016927719116210938
0.02288818359375
0.016927719116210938
0.01811981201171875
0.017881393432617188
0.026941299438476562
0.017881393432617188
0.02002716064453125
0.028133392333984375
0.016927719116210938
0.017881393432617188
0.017881393432617188
0.01811981201171875
0.019073486328125
0.01811981201171875
0.024080276489257812
0.0209808349609375
0.017881393432617188
0.01811981201171875
0.019073486328125
0.018835067749023438
0.018835067749023438
0.02574920654296875
0.024080276489257812
0.01811981201171875
0.018835067749023438
0.02002716064453125
0.019788742065429688
0.023126602172851562
0.019788742065429688
0.019073486328125
0.02288818359375
0.019788742065429688
0.019788742065429688
0.02193450927734375
0.02002716064453125
0.027894973754882812
0.02002716064453125
0.033855438232421875
0.019788742065429688
0.0209808349609375
0.02002716064453125
0.030994415283203125
0.0209808349609375
0.0209808349609375
0.0209808349609375
0.0209808349609375
0.03910064697265625
0.0209808349609375
0.02193450927734375
0.0209808349609375
0.021219253540039062
0.0209808349609375
0.0209808349609375
0.05984306335449219
0.030994415283203125
0.022172927856445312
0.02193450927734375
0.02193450927734375
0.025033950805664062
0.022172927856445312
0.022172927856445312
0.02288818359375
0.02288818359375
0.024080276489257812
0.027894973754882812
0.02193450927734375
0.029087066650390625
0.02193450927734375
0.026702880859375
0.025987625122070312
0.023126602172851562
0.023126602172851562
0.029087066650390625
0.024080276489257812
0.023126602172851562
0.025987625122070312
0.02384185791015625
0.023126602172851562
0.023126602172851562
0.024080276489257812
0.024080276489257812
0.024080276489257812
0.024080276489257812
0.024080276489257812
0.024080276489257812
0.024080276489257812
0.024080276489257812
0.028848648071289062
0.05602836608886719
