13.7188434601
11.1320018768
10.7710361481
11.0690593719
10.9429359436
10.1480484009
11.262178421
10.0781917572
10.1039409637
10.6320381165
10.5531215668
11.0700130463
10.9279155731
10.2138519287
10.1928710938
10.7729434967
10.106086731
10.185956955
10.7228755951
10.2231502533
10.4329586029
10.7669830322
10.3600025177
11.1129283905
10.2407932281
11.6798877716
10.3368759155
10.372877121
10.2400779724
15.8269405365
11.2900733948
10.8420848846
10.5412006378
10.3349685669
10.7421875
10.3480815887
10.241985321
10.2260112762
10.3747844696
10.43009758
10.9829902649
10.4069709778
10.3430747986
10.5590820312
10.1759433746
10.3480815887
11.4412307739
17.5788402557
11.3480091095
9.93299484253
12.4709606171
11.5451812744
9.87815856934
10.0681781769
10.1418495178
10.2789402008
10.4620456696
10.4379653931
10.4651451111
10.5340480804
10.6639862061
10.3380680084
11.4169120789
10.1599693298
10.1130008698
10.4990005493
10.516166687
10.2820396423
10.1041793823
9.82189178467
11.7709636688
10.8909606934
9.91415977478
9.93299484253
9.69004631042
9.79089736938
9.6800327301
9.81211662292
9.95516777039
9.78899002075
9.77492332458
10.3709697723
10.1690292358
10.16497612
10.0059509277
10.1690292358
10.2009773254
10.4398727417
10.8540058136
10.162115097
10.1909637451
10.2460384369
10.6229782104
10.7560157776
10.204076767
10.5328559875
10.507106781
10.6101036072
10.5011463165
10.3430747986
10.1749897003
10.4930400848
12.3178958893
10.5159282684
10.1709365845
10.1540088654
10.4560852051
10.2970600128
10.1170539856
10.1780891418
10.4260444641
10.1461410522
10.5302333832
10.8740329742
10.1571083069
10.146856308
16.4458751678
42.6731109619
18.4650421143
12.1738910675
10.9000205994
10.1940631866
11.1122131348
10.6279850006
10.0901126862
9.96494293213
9.81497764587
10.3859901428
9.71293449402
9.7668170929
10.3452205658
11.4390850067
11.9059085846
9.90390777588
9.90104675293
9.75608825684
9.92894172668
10.5729103088
11.0609531403
10.5950832367
10.2860927582
9.81211662292
9.8249912262
9.97686386108
10.5209350586
9.85789299011
11.7361545563
9.72604751587
10.2589130402
12.2158527374
21.4641094208
11.6078853607
12.2981071472
10.2460384369
9.87696647644
9.92107391357
10.3511810303
10.4758739471
11.7950439453
10.0929737091
10.3290081024
10.1478099823
12.088060379
10.2210044861
10.057926178
14.9068832397
25.3460407257
15.9041881561
10.2939605713
9.95898246765
9.70315933228
11.7371082306
17.2829627991
13.610124588
10.7200145721
11.2988948822
10.9260082245
10.3440284729
12.7911567688
12.6149654388
9.97495651245
9.92393493652
10.2210044861
10.0691318512
10.9851360321
11.0590457916
10.0998878479
10.0018978119
10.7469558716
10.097026825
10.2119445801
10.3747844696
9.98115539551
9.9630355835
12.8908157349
10.064125061
10.183095932
10.2829933167
24.523973465
17.3790454865
15.3529644012
10.8659267426
10.0798606873
17.2638893127
19.711971283
10.6081962585
10.153055191
10.0910663605
12.729883194
11.1379623413
14.0640735626
11.1169815063
13.8280391693
10.3771686554
10.3919506073
10.293006897
10.7500553131
10.3180408478
10.528087616
10.1089477539
9.86409187317
9.93704795837
9.6709728241
9.61303710938
9.83715057373
9.96017456055
10.2570056915
13.6229991913
9.69099998474
10.1430416107
9.6549987793
9.72199440002
10.7431411743
13.8130187988
10.1499557495
9.69386100769
9.71508026123
11.7180347443
10.7939243317
21.1369991302
17.1799659729
10.498046875
11.3129615784
10.7390880585
9.69099998474
9.84907150269
11.0940933228
9.87696647644
10.7378959656
11.0430717468
9.99522209167
10.066986084
10.7259750366
9.71388816833
9.68408584595
10.4238986969
12.0141506195
10.3540420532
9.74297523499
9.74106788635
9.76705551147
9.92918014526
10.1449489594
9.70697402954
10.066986084
9.66906547546
9.9470615387
9.69791412354
9.79709625244
12.4819278717
9.88006591797
10.048866272
9.78112220764
12.1810436249
9.82594490051
9.78207588196
9.91702079773
9.9949836731
10.2388858795
10.3390216827
9.79113578796
11.3990306854
9.85598564148
9.76800918579
9.68289375305
9.65595245361
9.76896286011
9.68885421753
9.81688499451
9.67907905579
10.0049972534
10.8730792999
14.9171352386
10.0951194763
9.79995727539
9.69195365906
11.6400718689
10.0109577179
11.2729072571
14.2350196838
13.1149291992
10.4930400848
9.96494293213
10.1239681244
9.94396209717
13.5300159454
14.5092010498
10.0071430206
10.1878643036
9.94396209717
11.18683815
10.7719898224
10.9357833862
10.0829601288
9.7188949585
21.831035614
11.5718841553
10.2250576019
10.1029872894
10.1730823517
10.106086731
9.82689857483
10.0660324097
9.84907150269
9.66596603394
10.0991725922
10.3189945221
10.5669498444
10.2770328522
10.5159282684
10.0340843201
10.9620094299
10.1339817047
10.9159946442
10.1249217987
10.1721286774
10.1878643036
10.2341175079
10.1580619812
11.8219852448
11.5540027618
10.0879669189
34.8858833313
13.9811038971
15.1009559631
10.3330612183
10.7431411743
9.91296768188
9.76991653442
10.0040435791
9.93704795837
9.92798805237
11.2919807434
11.6300582886
9.82403755188
9.60803031921
10.0409984589
9.73200798035
9.74607467651
9.78517532349
9.73391532898
10.0510120392
11.5411281586
10.0109577179
9.70911979675
10.938167572
9.90891456604
9.90200042725
9.75298881531
9.88698005676
9.6709728241
9.71412658691
10.1459026337
9.86409187317
9.70482826233
10.0061893463
9.65595245361
10.5059146881
9.67884063721
10.0560188293
9.84311103821
9.74607467651
9.68885421753
9.70101356506
9.72199440002
13.3860111237
10.4060173035
10.1308822632
9.88793373108
9.95182991028
9.73892211914
10.8780860901
9.86480712891
9.8090171814
10.5519294739
11.1479759216
11.9769573212
10.3099346161
9.9790096283
10.0209712982
10.575056076
10.2701187134
11.0430717468
13.3910179138
24.2168903351
11.5339756012
10.4069709778
11.7928981781
11.3401412964
10.4620456696
10.3919506073
11.2369060516
14.2109394073
32.6318740845
25.239944458
29.581785202
10.3838443756
9.71007347107
9.93490219116
9.70792770386
11.8010044098
11.4760398865
13.5691165924
10.1509094238
9.70387458801
9.71007347107
9.60397720337
10.2460384369
11.0559463501
10.3042125702
10.4999542236
11.2569332123
12.2101306915
10.6558799744
11.549949646
11.323928833
11.1939907074
11.4078521729
11.9581222534
13.002872467
18.9270973206
84.568977356
11.8548870087
10.801076889
9.93895530701
12.0761394501
18.9559459686
10.4758739471
13.4220123291
15.2561664581
10.0498199463
9.8729133606
9.74297523499
9.66191291809
9.70506668091
9.64498519897
9.770154953
10.2860927582
9.64522361755
10.2348327637
10.3759765625
10.1029872894
10.4169845581
10.4029178619
10.3311538696
10.3189945221
10.2739334106
10.0991725922
10.155916214
10.2200508118
10.155916214
10.2951526642
10.2751255035
10.0059509277
10.2980136871
10.7188224792
10.1101398468
10.1239681244
10.4298591614
10.2009773254
10.1721286774
10.5559825897
13.2250785828
10.2250576019
10.2210044861
10.2159976959
10.2128982544
10.1590156555
10.162115097
10.2910995483
10.3061199188
14.3208503723
10.2088451385
10.1528167725
10.4970932007
10.7100009918
10.2188587189
10.1368427277
10.16497612
10.2570056915
10.1699829102
10.2360248566
10.174036026
10.2639198303
10.2651119232
10.2090835571
10.2100372314
10.3230476379
10.0560188293
10.2150440216
10.3340148926
10.1130008698
10.4959011078
10.4010105133
10.1101398468
10.0729465485
10.4029178619
10.162115097
10.1239681244
10.4911327362
10.1339817047
10.2059841156
10.6070041656
10.162115097
10.1721286774
10.5221271515
10.174036026
10.1499557495
10.7810497284
10.1380348206
10.1521015167
10.3561878204
10.1540088654
10.2469921112
10.4701519012
10.4598999023
10.4041099548
10.1320743561
10.1251602173
10.1561546326
10.2269649506
11.0189914703
10.1499557495
15.3200626373
11.6081237793
11.7118358612
10.2708339691
10.6499195099
12.8619670868
11.8401050568
11.1799240112
12.7830505371
10.5700492859
10.25390625
10.3859901428
9.66811180115
9.92202758789
9.6480846405
9.7119808197
9.83881950378
9.94086265564
10.2241039276
10.8499526978
10.1408958435
10.8540058136
10.4510784149
10.5400085449
10.7300281525
10.6430053711
12.3429298401
11.1649036407
10.9598636627
10.0979804993
9.99402999878
10.1048946381
10.3039741516
10.3189945221
11.0850334167
10.5710029602
11.2130641937
10.7858181
10.3049278259
10.8389854431
10.7309818268
10.4851722717
10.8070373535
10.2829933167
14.5330429077
55.2759170532
13.4220123291
13.4429931641
38.8729572296
15.7060623169
18.4009075165
11.5668773651
10.4110240936
9.97114181519
10.4761123657
10.1361274719
10.2171897888
10.418176651
10.9150409698
9.90700721741
9.7861289978
9.6549987793
9.98210906982
10.1928710938
10.4119777679
10.1630687714
10.2119445801
9.95302200317
10.421037674
10.843038559
9.96208190918
10.0061893463
11.1010074615
10.6880664825
10.4222297668
10.0388526917
10.3230476379
11.0878944397
9.96208190918
10.1010799408
10.0200176239
13.3001804352
23.2648849487
11.2669467926
10.3859901428
10.3099346161
9.74202156067
9.73200798035
9.72509384155
10.3878974915
12.3610496521
9.87100601196
10.8301639557
9.59587097168
9.74082946777
10.687828064
9.81998443604
9.90295410156
10.2479457855
10.204076767
10.3840827942
10.3561878204
10.1478099823
10.4939937592
10.931968689
11.3360881805
10.3189945221
10.547876358
12.1579170227
20.6279754639
18.5761451721
9.87696647644
13.081073761
10.5400085449
9.78207588196
9.8659992218
10.0469589233
12.8099918365
10.6730461121
10.9829902649
21.9922065735
26.6830921173
12.4161243439
12.6490592957
11.5959644318
11.9268894196
20.7149982452
11.5849971771
9.67693328857
9.80806350708
9.52100753784
9.59086418152
9.53698158264
9.53912734985
10.1680755615
9.61089134216
9.61017608643
9.71698760986
9.64021682739
10.6430053711
9.79900360107
9.52816009521
10.07604599
9.92298126221
10.2169513702
9.91415977478
9.95111465454
10.0688934326
10.134935379
10.0600719452
10.0009441376
10.2250576019
11.3470554352
10.0529193878
9.98687744141
10.097026825
9.98783111572
10.3478431702
10.3058815002
10.262966156
10.5969905853
10.4479789734
10.0719928741
10.0820064545
12.3507976532
10.0440979004
10.1268291473
10.1521015167
10.2219581604
10.174036026
9.9790096283
10.0319385529
10.0028514862
10.6461048126
10.0240707397
10.8921527863
10.2350711823
10.3061199188
10.0598335266
9.96780395508
10.3070735931
10.0109577179
10.0619792938
10.0159645081
13.1349563599
10.4069709778
10.0679397583
9.53412055969
9.54604148865
9.91320610046
9.82594490051
9.66095924377
9.78708267212
9.56702232361
9.64307785034
9.62209701538
10.1971626282
9.58895683289
9.70101356506
10.4439258575
9.74893569946
9.6869468689
9.63878631592
13.7219429016
10.2400779724
9.85193252563
9.76705551147
9.93299484253
10.0069046021
10.0009441376
12.9780769348
14.2540931702
10.3459358215
13.1499767303
10.8699798584
9.98187065125
10.3809833527
10.9400749207
11.0840797424
12.512922287
11.4989280701
10.4420185089
9.78517532349
9.64713096619
9.7508430481
9.89699363708
9.93609428406
10.1690292358
9.71603393555
21.1050510406
17.728805542
28.3031463623
11.2059116364
10.468006134
9.80997085571
9.76300239563
9.76395606995
14.8189067841
9.93514060974
9.65809822083
9.79995727539
9.69099998474
11.9390487671
9.65094566345
9.77611541748
14.3070220947
9.57202911377
9.62615013123
10.596036911
9.8659992218
9.87219810486
10.2369785309
10.5049610138
9.95779037476
10.1208686829
9.93394851685
9.61208343506
9.761095047
9.9790096283
11.3611221313
15.3918266296
9.87505912781
9.99784469604
9.97591018677
11.981010437
10.7579231262
10.185956955
11.3861560822
10.0131034851
10.0228786469
10.2150440216
10.2050304413
10.1010799408
9.9310874939
9.87100601196
9.96899604797
9.8819732666
9.9401473999
9.80401039124
11.0449790955
10.2338790894
14.0600204468
10.1161003113
10.3619098663
9.99093055725
10.0269317627
10.5178356171
11.1541748047
9.95802879333
11.9211673737
9.90319252014
9.82403755188
11.4698410034
9.70602035522
10.1327896118
10.0839138031
10.8020305634
22.0282077789
17.6260471344
18.0370807648
9.91487503052
10.0319385529
10.7741355896
9.71984863281
9.70792770386
12.6280784607
9.72700119019
10.5330944061
10.1778507233
10.1020336151
10.3580951691
10.2031230927
10.2560520172
10.1490020752
10.2450847626
10.272026062
10.2391242981
10.6730461121
10.3101730347
10.2140903473
10.1079940796
10.1928710938
10.537147522
10.9021663666
10.2331638336
10.2250576019
10.38813591
10.302066803
10.3399753571
10.2519989014
13.0288600922
10.1101398468
12.423992157
11.4469528198
10.1511478424
9.6640586853
9.63187217712
9.92298126221
9.65809822083
9.71698760986
9.72294807434
9.78517532349
9.75489616394
10.2009773254
10.4451179504
10.4551315308
10.3042125702
11.5058422089
10.2860927582
10.2047920227
10.2460384369
11.5430355072
10.183095932
10.1189613342
10.2910995483
10.2097988129
10.1039409637
10.2689266205
10.3681087494
11.1839771271
10.4529857635
10.2639198303
10.1628303528
9.99999046326
10.1599693298
10.1218223572
14.4720077515
10.0610256195
10.3018283844
10.1430416107
10.2250576019
10.2128982544
10.1969242096
10.2019309998
10.1611614227
10.0128650665
10.1068019867
10.5102062225
9.96994972229
10.3762149811
10.1828575134
10.4811191559
10.0820064545
10.1079940796
10.1189613342
10.2567672729
10.4949474335
10.1890563965
10.1509094238
10.3640556335
10.2570056915
10.1478099823
10.1680755615
10.1881027222
10.174036026
10.1978778839
10.3230476379
10.1370811462
10.4830265045
10.2171897888
10.6639862061
10.2190971375
10.2379322052
10.1048946381
10.2021694183
10.2829933167
10.4360580444
10.3888511658
10.4291439056
10.2939605713
10.0648403168
10.1289749146
10.3838443756
10.2279186249
10.1339817047
10.0820064545
10.2038383484
10.5261802673
10.2500915527
10.5519294739
10.1599693298
10.0419521332
10.0750923157
10.302066803
10.2078914642
10.3399753571
10.1408958435
10.1549625397
10.2038383484
10.174036026
10.1730823517
10.3268623352
10.2169513702
10.2200508118
9.9790096283
10.0479125977
10.0710391998
10.3180408478
10.1389884949
10.0820064545
10.4169845581
10.1962089539
10.6699466705
10.4830265045
10.1318359375
10.0879669189
10.2560520172
10.1342201233
10.1280212402
10.0679397583
10.0879669189
10.598897934
10.1840496063
10.1640224457
10.0719928741
10.134935379
10.1051330566
