1.50299072266
1.30009651184
1.3370513916
1.35183334351
1.29508972168
1.32703781128
1.5709400177
2.26712226868
1.35493278503
1.29580497742
1.27100944519
1.30105018616
1.37400627136
1.28507614136
1.29985809326
1.34992599487
1.35207176208
1.30891799927
1.36303901672
1.28316879272
1.30605697632
1.33681297302
1.69897079468
1.38306617737
1.33800506592
1.48105621338
1.31392478943
1.45506858826
1.3370513916
1.35803222656
1.30987167358
1.28412246704
1.41596794128
1.34897232056
1.29699707031
1.28483772278
1.6450881958
1.28698348999
1.33609771729
1.42788887024
1.40404701233
1.33085250854
1.3279914856
1.27792358398
1.27506256104
1.33299827576
1.29222869873
1.31607055664
1.30295753479
1.30796432495
1.3108253479
1.30486488342
1.29199028015
1.2800693512
1.29294395447
1.37495994568
1.30391120911
1.32203102112
1.28507614136
1.27005577087
1.28602981567
1.35111808777
1.3689994812
1.30891799927
1.28579139709
2.74610519409
4.19497489929
2.12693214417
2.55608558655
1.34301185608
1.36089324951
1.30605697632
1.31988525391
1.52206420898
1.91593170166
1.41406059265
1.31702423096
1.34491920471
1.27387046814
1.7101764679
1.27911567688
1.51395797729
1.55591964722
1.44791603088
1.34205818176
1.27601623535
1.40690803528
1.35517120361
1.28316879272
1.26218795776
1.28793716431
1.4660358429
1.29008293152
1.32608413696
1.33490562439
1.80411338806
1.3279914856
1.28507614136
1.35111808777
1.29795074463
1.32894515991
1.28102302551
1.29008293152
1.33013725281
1.28316879272
1.35779380798
1.28793716431
1.27005577087
1.28793716431
1.3120174408
1.28793716431
1.69897079468
1.27005577087
1.30915641785
1.30009651184
1.28102302551
1.36518478394
1.34706497192
1.3530254364
1.34992599487
1.42002105713
1.36399269104
1.40786170959
1.40595436096
1.43098831177
1.29795074463
1.305103302
1.28793716431
1.29008293152
1.27410888672
1.30295753479
2.25710868835
1.296043396
1.36709213257
1.30200386047
1.30391120911
1.3210773468
1.35612487793
1.31297111511
1.29699707031
1.35803222656
1.33609771729
1.30391120911
2.86483764648
1.27577781677
1.32989883423
1.37591362
1.29389762878
1.32083892822
1.33180618286
1.31607055664
1.34301185608
1.51515007019
1.29795074463
1.35612487793
1.33800506592
1.32703781128
1.27506256104
1.32417678833
1.31106376648
1.2891292572
1.27983093262
1.296043396
1.51085853577
1.34801864624
1.27792358398
1.45196914673
1.29795074463
1.77001953125
1.2731552124
1.27601623535
1.28102302551
1.28102302551
1.34682655334
1.32894515991
1.36995315552
1.27100944519
1.29103660583
1.45816802979
1.28197669983
1.33395195007
1.29508972168
1.33013725281
1.33204460144
1.29103660583
1.2948513031
1.31607055664
1.28889083862
1.43694877625
1.26886367798
1.28698348999
1.29699707031
1.39403343201
1.33895874023
1.44004821777
1.35087966919
1.28817558289
1.29199028015
1.29890441895
1.31607055664
1.44100189209
1.45220756531
1.27911567688
1.2891292572
1.27601623535
1.27601623535
1.35898590088
1.26004219055
1.28507614136
1.30295753479
1.29795074463
1.59215927124
1.29199028015
1.27816200256
1.28889083862
1.29699707031
1.30009651184
1.35087966919
1.34587287903
1.31893157959
1.27506256104
1.79004669189
1.46102905273
1.41286849976
1.27577781677
1.29389762878
1.37186050415
1.4021396637
1.27291679382
1.27196311951
1.29008293152
1.27696990967
1.30486488342
1.27577781677
1.29103660583
1.29079818726
1.2891292572
1.28412246704
1.36113166809
1.28102302551
1.29199028015
1.58190727234
1.27816200256
1.3530254364
1.31797790527
1.2800693512
1.35183334351
1.32393836975
1.29103660583
1.28388404846
1.33395195007
1.29008293152
1.31011009216
1.56402587891
1.28197669983
1.27696990967
1.28817558289
1.30105018616
1.28602981567
1.3370513916
1.29199028015
1.31416320801
1.29008293152
1.27983093262
1.29318237305
1.36280059814
1.97196006775
1.27291679382
1.2788772583
1.27196311951
1.32703781128
1.27816200256
1.29508972168
1.30009651184
1.27911567688
1.34515762329
1.42407417297
1.305103302
1.36303901672
1.29103660583
1.2948513031
1.27601623535
1.27792358398
1.28197669983
1.28817558289
1.27577781677
1.26910209656
1.28078460693
1.33991241455
1.29008293152
1.28078460693
1.76405906677
1.39403343201
1.38902664185
1.296043396
1.29795074463
1.29103660583
1.3210773468
1.296043396
1.49202346802
1.28293037415
1.36613845825
1.36494636536
1.3210773468
1.27100944519
1.28984451294
1.31297111511
1.28793716431
1.3279914856
1.33895874023
1.32894515991
1.29818916321
1.48320198059
1.30200386047
1.29699707031
1.2800693512
1.28698348999
1.27410888672
1.29795074463
1.28412246704
1.296043396
1.30987167358
1.28984451294
2.81000137329
1.27696990967
1.27387046814
1.32703781128
1.29103660583
1.93095207214
1.34611129761
1.33395195007
1.29008293152
1.3370513916
1.28602981567
1.28889083862
1.29389762878
1.26791000366
1.29389762878
1.29199028015
1.29103660583
1.70803070068
1.2948513031
1.28698348999
1.296043396
1.30295753479
1.27482414246
1.27983093262
1.38211250305
1.29890441895
1.27816200256
2.38299369812
2.23398208618
1.38998031616
1.42097473145
1.33800506592
1.31797790527
1.28197669983
1.39021873474
1.29199028015
1.28984451294
1.40190124512
1.37901306152
1.31297111511
1.29389762878
1.28507614136
1.34515762329
1.28293037415
1.29508972168
1.58190727234
1.29294395447
1.28817558289
1.28793716431
2.43496894836
1.73902511597
1.39093399048
1.34587287903
1.39999389648
2.04014778137
1.42407417297
1.42693519592
1.32989883423
1.48105621338
1.30486488342
1.40786170959
1.53613090515
1.73401832581
1.54590606689
1.65581703186
1.74903869629
1.28102302551
1.27577781677
1.30701065063
1.28102302551
1.44004821777
1.27005577087
1.28102302551
1.54709815979
1.27696990967
1.31702423096
1.26504898071
1.80196762085
1.28698348999
1.44290924072
1.44600868225
1.29508972168
1.28316879272
1.31988525391
1.28602981567
1.45387649536
1.28102302551
1.30295753479
1.35803222656
1.2891292572
1.31416320801
1.80816650391
1.60598754883
1.30295753479
1.29103660583
1.32012367249
1.32203102112
1.56497955322
1.30391120911
1.96290016174
1.33299827576
1.28579139709
1.27291679382
1.53398513794
1.28698348999
1.44290924072
1.59001350403
1.32894515991
1.29389762878
1.28412246704
1.7249584198
1.34015083313
1.26600265503
1.33490562439
1.47199630737
1.31797790527
1.34706497192
1.53708457947
1.28793716431
1.44815444946
1.36804580688
1.30295753479
1.3599395752
1.27506256104
1.28507614136
1.30486488342
1.62601470947
1.28388404846
1.31297111511
1.29294395447
1.28388404846
1.39904022217
1.2891292572
1.35493278503
1.27983093262
1.296043396
1.60598754883
1.27005577087
1.29199028015
1.73091888428
1.29318237305
1.28102302551
1.44696235657
1.30605697632
1.31297111511
1.31011009216
1.33299827576
1.2800693512
1.33609771729
1.69587135315
1.54685974121
1.29795074463
1.29580497742
1.30319595337
1.28102302551
1.31487846375
1.33895874023
1.28602981567
1.29795074463
1.3279914856
1.36804580688
1.28412246704
1.32203102112
1.31797790527
1.30796432495
1.28889083862
1.90401077271
1.27720832825
1.30796432495
1.30414962769
1.44100189209
1.37114524841
1.27506256104
1.57189369202
1.29389762878
1.2788772583
1.27291679382
1.27410888672
1.27506256104
1.27291679382
1.72090530396
1.26099586487
1.2800693512
1.3599395752
1.27410888672
1.37901306152
1.27506256104
1.32703781128
1.29008293152
1.26481056213
1.28197669983
1.44004821777
1.67393684387
1.28316879272
1.53207778931
1.32513046265
1.28197669983
1.97315216064
1.29294395447
1.31106376648
1.41596794128
1.2788772583
1.34205818176
1.30200386047
1.43885612488
1.27196311951
1.36995315552
1.27100944519
1.29318237305
1.38688087463
1.33609771729
1.33609771729
1.31893157959
1.29294395447
1.31297111511
1.2800693512
1.30391120911
1.42097473145
1.35207176208
1.63507461548
1.71089172363
1.29699707031
1.32298469543
1.30391120911
1.27506256104
1.27506256104
1.26481056213
1.28102302551
1.57499313354
1.33109092712
1.36184692383
1.27482414246
1.44219398499
1.3108253479
1.59096717834
1.30200386047
1.34587287903
1.2891292572
1.3279914856
1.36804580688
1.3279914856
1.28102302551
1.5070438385
1.28102302551
1.34992599487
1.31106376648
1.29795074463
1.27291679382
1.51586532593
1.31392478943
1.65295600891
1.28889083862
1.35397911072
1.30200386047
1.27911567688
1.28197669983
1.85203552246
1.28602981567
1.36804580688
1.26886367798
1.28507614136
1.28793716431
1.41596794128
1.29413604736
1.33109092712
1.32703781128
1.29890441895
1.28316879272
1.33991241455
1.28889083862
1.2800693512
1.31106376648
1.33085250854
1.67918205261
1.305103302
1.29103660583
1.31487846375
1.28197669983
1.3279914856
1.32703781128
1.32298469543
1.29318237305
1.32393836975
1.5549659729
1.61814689636
1.31106376648
1.28793716431
1.32393836975
1.45101547241
1.27983093262
1.31893157959
1.33991241455
1.36995315552
1.66797637939
1.28388404846
1.384973526
1.28316879272
1.27696990967
1.28507614136
1.59406661987
1.32012367249
1.42288208008
1.34801864624
1.46198272705
1.48391723633
1.27792358398
1.28483772278
1.34992599487
1.29389762878
1.36494636536
2.33292579651
1.29699707031
1.29103660583
1.33490562439
1.29890441895
1.29318237305
1.2891292572
1.32608413696
1.28316879272
1.26099586487
1.34515762329
1.27792358398
1.33299827576
2.12478637695
1.29199028015
1.30391120911
1.28483772278
1.32894515991
1.29199028015
1.34587287903
1.3861656189
1.28197669983
1.37305259705
1.29294395447
1.28579139709
1.31678581238
1.2891292572
1.28698348999
1.54089927673
1.34992599487
1.30701065063
1.36208534241
1.49416923523
1.2640953064
1.29389762878
1.33991241455
1.2800693512
1.5230178833
1.31320953369
1.33609771729
1.3439655304
1.40786170959
1.55901908875
1.3120174408
1.29890441895
1.41191482544
1.29795074463
1.3120174408
1.65390968323
1.39403343201
1.53493881226
1.32584571838
1.30295753479
1.28102302551
1.29103660583
1.56092643738
1.29008293152
1.29294395447
1.2731552124
1.31106376648
1.30200386047
1.35803222656
1.27291679382
1.28293037415
1.32894515991
1.32012367249
1.34611129761
1.25789642334
1.5881061554
1.27601623535
1.59287452698
1.51181221008
1.27983093262
1.31607055664
1.50203704834
1.29699707031
1.41406059265
1.26910209656
1.33895874023
1.41000747681
1.30701065063
1.33395195007
1.2788772583
1.79696083069
1.26099586487
1.27816200256
1.34086608887
1.26695632935
1.34301185608
1.28889083862
1.31988525391
1.28412246704
1.29890441895
1.53088569641
1.28602981567
1.46293640137
1.29413604736
1.34110450745
1.34682655334
2.06685066223
1.30105018616
1.37710571289
1.27506256104
1.63793563843
1.27696990967
1.27506256104
1.45292282104
1.28197669983
1.34778022766
1.35397911072
1.36709213257
1.31988525391
1.29413604736
1.40500068665
1.3120174408
1.3530254364
1.61600112915
1.30486488342
1.29699707031
1.56497955322
1.27410888672
1.30009651184
1.28793716431
1.28221511841
1.37782096863
1.47414207458
1.27696990967
1.37305259705
1.29008293152
1.28602981567
1.30105018616
1.28698348999
1.296043396
2.28786468506
1.31416320801
1.29103660583
1.50513648987
1.3599395752
1.29008293152
1.80912017822
1.30105018616
1.42979621887
1.30701065063
1.29079818726
1.31297111511
1.28602981567
1.27410888672
1.26314163208
1.89685821533
1.27387046814
1.37305259705
1.27601623535
1.42407417297
1.29199028015
1.28507614136
1.35207176208
1.38998031616
1.31607055664
1.3599395752
1.27816200256
1.28316879272
1.3279914856
1.30486488342
1.44505500793
1.42097473145
1.42002105713
1.31297111511
1.56497955322
1.28412246704
1.37400627136
1.29795074463
1.30295753479
1.29199028015
1.384973526
1.28102302551
2.02608108521
1.27601623535
1.28507614136
1.38092041016
1.31297111511
1.38306617737
1.45196914673
1.27482414246
1.28412246704
1.28698348999
1.49488449097
1.32703781128
1.29413604736
1.797914505
2.79402732849
1.36804580688
1.32608413696
1.47390365601
1.37686729431
1.36804580688
2.12812423706
1.38401985168
1.29699707031
1.33585929871
1.33109092712
1.85203552246
1.54089927673
1.33299827576
1.28316879272
1.36995315552
1.90281867981
1.33681297302
2.42304801941
1.42097473145
1.28889083862
1.27720832825
1.30915641785
1.63817405701
2.19988822937
1.4169216156
1.29795074463
2.61878967285
1.35898590088
1.44600868225
1.33013725281
1.31106376648
1.29985809326
1.33013725281
1.44505500793
1.79505348206
2.03418731689
1.41501426697
2.53200531006
2.48193740845
1.28507614136
1.49512290955
1.29890441895
1.2629032135
1.34181976318
1.2948513031
1.32012367249
1.52397155762
1.78098678589
1.29079818726
1.26600265503
1.41286849976
1.29103660583
1.58095359802
1.38115882874
1.41286849976
1.29294395447
1.30200386047
1.50799751282
2.39992141724
1.26600265503
1.27983093262
1.2800693512
1.29103660583
1.26910209656
1.28602981567
1.32012367249
1.38401985168
1.30701065063
1.30605697632
1.44386291504
3.14402580261
1.29985809326
1.2640953064
1.27410888672
1.5709400177
1.27387046814
1.4660358429
1.29985809326
1.50895118713
1.29199028015
1.38306617737
1.60384178162
1.3267993927
1.27387046814
1.60384178162
1.29103660583
1.29890441895
2.02298164368
1.99007987976
1.31678581238
1.33609771729
1.30105018616
1.38020515442
1.30891799927
1.29699707031
1.32703781128
1.39808654785
1.72805786133
1.30200386047
1.28889083862
1.81889533997
1.30295753479
1.29389762878
1.30701065063
1.30605697632
1.40810012817
1.69610977173
1.33490562439
1.30701065063
1.31607055664
1.89614295959
1.28293037415
1.35707855225
1.45697593689
1.30486488342
1.29795074463
1.35612487793
1.29699707031
1.305103302
2.52509117126
1.41191482544
1.29294395447
1.35207176208
1.33681297302
1.60098075867
1.27482414246
1.32012367249
1.80292129517
1.28388404846
1.22284889221
1.32203102112
1.29389762878
1.3439655304
1.30414962769
1.28984451294
1.30295753479
1.34706497192
1.35898590088
1.35803222656
1.34205818176
1.30200386047
1.76405906677
1.29103660583
1.30891799927
1.30009651184
1.85489654541
1.30200386047
1.33895874023
1.35803222656
1.3279914856
1.90997123718
1.27506256104
1.30009651184
1.41596794128
1.39713287354
1.48296356201
1.2800693512
1.80792808533
1.28293037415
1.30200386047
1.30414962769
1.30391120911
1.30391120911
1.29413604736
1.59597396851
1.30820274353
1.37209892273
1.32608413696
1.29413604736
1.30009651184
1.3279914856
1.31607055664
1.50203704834
1.32012367249
1.30295753479
1.57904624939
1.2788772583
