1.75499916077
1.72209739685
1.82390213013
1.72805786133
1.62410736084
1.79600715637
1.81484222412
1.70493125916
1.63507461548
1.708984375
1.69801712036
1.70111656189
1.90687179565
1.78194046021
1.75499916077
1.65009498596
1.75499916077
1.65796279907
1.708984375
1.69205665588
1.82890892029
1.80006027222
1.64604187012
1.67107582092
1.96504592896
1.89089775085
1.69897079468
1.71780586243
1.72996520996
1.66893005371
1.78694725037
1.65200233459
1.71089172363
1.7728805542
1.68895721436
1.69610977173
1.72209739685
1.77621841431
1.62601470947
1.74593925476
1.68609619141
1.89614295959
1.77502632141
1.66392326355
1.66392326355
1.68800354004
2.05016136169
1.64699554443
1.63197517395
1.68609619141
1.75094604492
1.68991088867
1.85894966125
3.17406654358
1.69682502747
1.6450881958
1.61504745483
1.708984375
1.63412094116
1.67798995972
1.62196159363
1.65295600891
1.71303749084
1.67298316956
1.77192687988
1.78503990173
2.29406356812
1.63006782532
1.75404548645
1.74784660339
2.58898735046
1.71804428101
1.71208381653
1.65104866028
1.72305107117
1.98888778687
1.64222717285
1.70207023621
1.7421245575
1.64794921875
1.82414054871
1.73211097717
1.66511535645
1.81412696838
1.78408622742
1.6930103302
1.66010856628
1.73211097717
1.81889533997
1.71303749084
1.63388252258
1.76215171814
1.73997879028
1.65891647339
1.74403190613
1.72805786133
1.68299674988
1.62196159363
1.65414810181
2.05016136169
1.68895721436
1.6348361969
1.69277191162
1.70207023621
2.9079914093
1.6782283783
1.82509422302
1.71899795532
1.67417526245
1.77597999573
1.70707702637
1.85894966125
1.65200233459
1.70707702637
1.74117088318
1.65104866028
1.67393684387
2.2509098053
1.68704986572
1.74784660339
1.79505348206
1.77311897278
1.74880027771
1.74593925476
1.6930103302
1.64103507996
1.73091888428
1.80792808533
2.31003761292
1.65009498596
1.88016891479
1.76000595093
1.65891647339
1.6758441925
1.74188613892
1.64699554443
1.71399116516
2.07901000977
1.68609619141
1.65891647339
1.66487693787
1.78790092468
1.708984375
1.69801712036
1.64699554443
1.63698196411
1.76382064819
1.72114372253
1.64484977722
1.85298919678
1.72996520996
2.30813026428
1.79004669189
1.79004669189
2.92587280273
1.67798995972
1.68585777283
1.84798240662
1.65486335754
1.69205665588
1.7249584198
2.05898284912
1.69277191162
1.73377990723
1.66320800781
1.70302391052
2.38800048828
1.66916847229
1.96695327759
1.67894363403
1.68108940125
2.17604637146
1.70993804932
1.64604187012
1.70993804932
1.70183181763
1.65414810181
2.27808952332
1.70111656189
1.73091888428
1.70302391052
1.65104866028
1.6930103302
1.69205665588
1.75499916077
1.65295600891
1.67107582092
1.83486938477
1.73282623291
1.68395042419
2.60210037231
1.708984375
1.70993804932
1.69205665588
1.71518325806
1.80411338806
1.83296203613
1.84297561646
1.72805786133
1.66893005371
1.74903869629
1.81007385254
1.66392326355
2.17509269714
1.63578987122
1.72281265259
1.68704986572
1.72090530396
1.67894363403
1.99604034424
1.66416168213
1.67298316956
1.67298316956
1.65700912476
1.68609619141
1.71279907227
2.04491615295
1.6930103302
1.69515609741
1.78503990173
1.78599357605
1.66296958923
1.65295600891
1.75189971924
1.68395042419
1.68204307556
2.20513343811
1.72400474548
1.70993804932
1.71709060669
1.6758441925
1.6918182373
1.65700912476
1.65700912476
1.65891647339
1.68299674988
1.72185897827
1.83796882629
1.74403190613
1.74999237061
1.69515609741
1.71518325806
1.66797637939
1.66296958923
2.24113464355
1.82199478149
1.70993804932
1.77407264709
1.65200233459
1.70397758484
1.80983543396
1.68800354004
1.70588493347
1.69086456299
1.65104866028
1.68800354004
1.69801712036
1.67798995972
1.71613693237
1.69491767883
1.66797637939
1.66702270508
1.65605545044
1.68299674988
1.63888931274
1.75905227661
1.78909301758
1.65009498596
1.69610977173
1.91211700439
1.93905830383
1.71399116516
1.708984375
2.02298164368
1.71303749084
1.65104866028
1.72710418701
1.65796279907
1.80912017822
1.708984375
1.70493125916
1.84798240662
1.83606147766
1.68204307556
1.75094604492
1.80411338806
1.7261505127
1.78599357605
1.7421245575
1.75499916077
1.73401832581
1.69396400452
1.65009498596
1.99890136719
1.69110298157
1.71518325806
1.87206268311
1.63602828979
1.65009498596
1.63793563843
1.52087211609
1.64890289307
1.9588470459
1.9679069519
1.66797637939
2.14314460754
1.70803070068
2.24018096924
1.72686576843
1.70087814331
2.36892700195
1.69491767883
1.65104866028
1.6758441925
1.71685218811
1.68895721436
1.78003311157
1.65009498596
1.73783302307
1.65605545044
2.14004516602
1.84392929077
1.64484977722
2.25806236267
1.71494483948
1.67298316956
1.73282623291
1.64008140564
1.62506103516
1.66487693787
1.74307823181
2.24900245667
1.70087814331
2.14385986328
1.91211700439
1.80101394653
1.67798995972
1.80506706238
1.63507461548
1.73401832581
1.76000595093
1.73616409302
1.73807144165
1.76787376404
1.70803070068
1.74903869629
1.79600715637
1.74903869629
1.70993804932
1.69515609741
1.73306465149
1.64389610291
1.69992446899
1.76906585693
1.81889533997
1.63102149963
2.11381912231
1.69014930725
1.50990486145
1.68895721436
1.65891647339
1.67489051819
1.68395042419
1.65200233459
1.76882743835
1.66010856628
1.68895721436
1.8470287323
1.66296958923
1.66082382202
1.76501274109
1.67512893677
3.56101989746
1.65700912476
1.69897079468
1.78599357605
1.76000595093
1.7728805542
2.20108032227
2.14099884033
1.65390968323
1.76787376404
1.6508102417
1.97505950928
1.89208984375
1.69610977173
1.66988372803
1.68991088867
1.69706344604
1.66797637939
1.79386138916
1.75619125366
1.71184539795
1.72305107117
1.89018249512
1.96409225464
1.86896324158
1.64413452148
1.8048286438
1.83606147766
1.69610977173
1.84798240662
1.86109542847
1.64079666138
1.65700912476
1.69706344604
1.65891647339
1.99317932129
1.63793563843
1.72710418701
1.72781944275
1.65891647339
1.71709060669
1.65390968323
1.69014930725
1.68609619141
1.73902511597
1.73616409302
1.68204307556
1.68609619141
1.79195404053
1.70612335205
1.65700912476
1.63888931274
1.75380706787
1.76215171814
1.96003913879
1.84202194214
1.76811218262
1.67298316956
1.65510177612
1.73020362854
2.09903717041
1.72686576843
1.79505348206
1.70493125916
1.72209739685
1.68704986572
1.65891647339
1.69491767883
1.68299674988
1.87921524048
1.68895721436
1.71399116516
1.75905227661
1.67107582092
2.53891944885
1.85203552246
1.65104866028
1.70087814331
1.71709060669
1.64413452148
2.5429725647
1.69610977173
3.01504135132
1.6770362854
1.67202949524
1.94191932678
1.88398361206
1.72305107117
1.68013572693
1.74403190613
1.73401832581
2.17795372009
1.68490409851
1.65200233459
1.66893005371
1.65486335754
1.68609619141
1.77502632141
1.68800354004
1.66010856628
1.88493728638
1.68490409851
1.84893608093
1.66893005371
1.63006782532
1.76596641541
1.69897079468
1.6610622406
1.72400474548
1.68395042419
1.69706344604
2.2189617157
1.75213813782
1.79195404053
2.82001495361
1.66606903076
1.65605545044
1.73711776733
1.66583061218
1.64389610291
1.71399116516
1.72710418701
1.72185897827
1.80006027222
1.76620483398
1.77693367004
1.81794166565
1.65891647339
1.71589851379
1.66606903076
1.63578987122
1.82294845581
1.70111656189
2.37393379211
1.80602073669
1.7249584198
2.32195854187
1.74713134766
2.32410430908
1.78790092468
1.67679786682
1.72281265259
1.72400474548
1.9428730011
1.71709060669
1.86085700989
1.74188613892
1.73687934875
1.69897079468
1.708984375
2.16293334961
1.65104866028
1.81698799133
2.09593772888
2.53510475159
1.90591812134
2.12693214417
1.70588493347
1.73783302307
2.55608558655
1.73592567444
1.80006027222
2.01106071472
1.83892250061
1.75285339355
1.64413452148
1.9838809967
1.98292732239
1.82509422302
1.83010101318
2.17604637146
1.81698799133
1.72305107117
1.72591209412
1.76405906677
1.71589851379
1.72400474548
1.8470287323
1.95813179016
1.91593170166
1.77812576294
1.70993804932
1.63888931274
1.68800354004
2.17199325562
2.39419937134
1.77717208862
1.6942024231
1.72400474548
1.89590454102
1.78813934326
1.87206268311
1.79886817932
1.69491767883
1.64008140564
1.61218643188
1.63388252258
1.62196159363
1.61910057068
1.61695480347
1.82700157166
2.11787223816
1.67107582092
1.72805786133
1.6348361969
1.74307823181
1.66606903076
1.76310539246
1.86109542847
1.64389610291
1.98197364807
1.61981582642
1.91497802734
1.75094604492
1.75714492798
1.69515609741
1.85203552246
1.68085098267
1.73187255859
1.84202194214
1.61695480347
1.69491767883
1.70302391052
1.70516967773
1.66487693787
1.74188613892
1.69396400452
1.77216529846
1.62196159363
1.69205665588
1.68204307556
1.68681144714
2.10785865784
1.85418128967
1.67512893677
2.00009346008
1.71685218811
1.66606903076
1.63984298706
1.63197517395
1.67298316956
1.70111656189
1.65796279907
2.06995010376
1.73592567444
1.65581703186
1.75786018372
1.78599357605
1.66392326355
1.66893005371
1.66296958923
1.64890289307
1.77502632141
1.68490409851
1.67918205261
1.75809860229
1.64008140564
1.72305107117
1.78813934326
1.82104110718
1.64914131165
1.74117088318
1.72805786133
1.76978111267
1.80387496948
1.85513496399
1.71184539795
1.69515609741
2.12502479553
2.3078918457
1.85990333557
1.79314613342
1.84202194214
1.84416770935
1.73807144165
1.97291374207
1.62386894226
1.62506103516
1.67918205261
1.81913375854
1.65510177612
1.73401832581
1.75809860229
1.70397758484
1.81698799133
1.72209739685
1.69682502747
1.77502632141
1.82914733887
1.69014930725
1.63578987122
2.04205513
1.63388252258
1.76906585693
1.87087059021
1.77717208862
1.65009498596
1.82008743286
1.6770362854
1.66702270508
1.69610977173
2.05707550049
1.62410736084
1.7409324646
1.63197517395
1.73401832581
1.72209739685
1.62601470947
1.62506103516
1.7249584198
1.60884857178
1.67417526245
1.63102149963
1.62792205811
1.74784660339
1.62506103516
2.31385231018
1.75404548645
2.43902206421
1.61790847778
1.73115730286
2.21800804138
1.68299674988
1.63888931274
1.77001953125
1.69396400452
1.69205665588
1.66606903076
1.68108940125
1.76000595093
1.8630027771
1.66201591492
1.65796279907
1.69897079468
1.67417526245
1.7728805542
1.66487693787
1.68800354004
1.71184539795
1.70207023621
1.71208381653
1.99007987976
1.73711776733
1.72710418701
1.6610622406
1.67179107666
1.92785263062
1.75809860229
1.67298316956
1.70397758484
1.71995162964
1.67298316956
1.69801712036
1.8310546875
1.75094604492
1.7249584198
1.65510177612
1.70278549194
1.70302391052
1.85799598694
1.81007385254
1.708984375
1.86800956726
1.65510177612
1.74593925476
1.73711776733
1.65605545044
1.73187255859
1.65891647339
1.65987014771
1.72305107117
1.70302391052
1.66296958923
1.67393684387
1.67798995972
1.708984375
1.66201591492
1.71113014221
1.67512893677
2.00200080872
1.77788734436
1.70397758484
1.68609619141
1.69396400452
1.68609619141
1.65915489197
1.73282623291
1.64818763733
1.76501274109
1.74403190613
1.74498558044
1.65510177612
1.73902511597
1.68704986572
1.64198875427
1.64389610291
1.73711776733
1.74808502197
1.66201591492
1.7511844635
1.67679786682
1.73711776733
1.70207023621
1.63793563843
1.68895721436
1.67202949524
1.73115730286
1.67894363403
1.71995162964
1.70993804932
1.71899795532
1.65009498596
1.64890289307
1.74999237061
1.70707702637
1.67512893677
1.72805786133
1.68991088867
1.73711776733
1.86610221863
1.6758441925
1.66606903076
1.64818763733
1.73592567444
1.73783302307
1.69610977173
1.8138885498
1.70397758484
1.64890289307
1.88088417053
1.76692008972
1.67894363403
1.67417526245
1.69897079468
1.69491767883
1.84512138367
1.68395042419
1.68800354004
1.80196762085
1.72781944275
1.73377990723
1.68895721436
1.73807144165
1.73401832581
1.83987617493
1.70516967773
1.79100036621
1.71995162964
1.70397758484
1.67894363403
1.74903869629
1.68299674988
1.66392326355
1.68609619141
1.68991088867
1.65295600891
1.71899795532
1.65486335754
1.73997879028
1.79100036621
1.66988372803
1.66893005371
1.66416168213
1.68704986572
1.63102149963
1.67918205261
1.68108940125
1.72114372253
1.68204307556
1.80506706238
1.9519329071
1.66487693787
1.67298316956
1.71589851379
1.64699554443
1.75213813782
1.66320800781
1.71899795532
1.70612335205
1.68013572693
1.72710418701
1.47199630737
1.76596641541
1.67322158813
1.78003311157
1.64604187012
1.67298316956
1.68609619141
1.67012214661
1.70588493347
1.72209739685
1.81794166565
1.73091888428
1.80602073669
1.67298316956
1.68299674988
1.88302993774
1.71494483948
1.8470287323
1.72209739685
1.74880027771
1.67298316956
1.73997879028
1.71589851379
1.70993804932
1.76501274109
1.67489051819
1.65820121765
1.72710418701
1.83486938477
1.70612335205
1.66201591492
1.64222717285
1.73020362854
1.66296958923
1.71995162964
1.68204307556
1.77001953125
1.71709060669
1.67489051819
1.66797637939
1.69587135315
1.66392326355
1.72591209412
1.68395042419
1.65891647339
1.74999237061
1.66392326355
1.69801712036
1.77407264709
1.69491767883
1.88708305359
1.71709060669
1.77001953125
1.79195404053
1.88112258911
1.71995162964
1.86681747437
1.74999237061
1.72710418701
1.69801712036
1.75499916077
1.80506706238
1.76596641541
1.70087814331
1.72710418701
1.6770362854
1.73616409302
1.7421245575
1.67798995972
1.72019004822
1.74903869629
2.02512741089
1.79100036621
1.75189971924
2.09283828735
1.88088417053
1.82795524597
1.73592567444
1.78790092468
1.96290016174
1.68395042419
1.92189216614
1.70516967773
1.7249584198
1.76787376404
1.80101394653
1.9268989563
1.81818008423
1.797914505
1.72400474548
1.68490409851
1.73306465149
1.64318084717
1.63316726685
1.71399116516
1.69396400452
1.7077922821
1.79409980774
2.04300880432
1.69801712036
1.89089775085
1.90186500549
1.71089172363
2.04515457153
1.80101394653
1.69897079468
1.69396400452
1.6450881958
1.84416770935
1.78599357605
2.33316421509
1.74903869629
1.96099281311
1.67798995972
1.74403190613
1.66201591492
1.6918182373
1.92403793335
1.79290771484
1.70993804932
1.67608261108
1.77407264709
1.69205665588
1.73616409302
1.77597999573
1.90401077271
1.71899795532
1.68991088867
1.71279907227
1.66201591492
1.71995162964
1.81698799133
1.72901153564
1.75189971924
1.99890136719
2.59184837341
1.69777870178
2.11620330811
1.65295600891
1.74403190613
1.70612335205
1.67798995972
2.46405601501
1.63412094116
1.81198120117
1.88994407654
1.93381309509
