7.34400749207
6.66308403015
7.19809532166
7.26699829102
6.89601898193
6.76608085632
7.01308250427
7.04216957092
6.82497024536
7.14182853699
7.12609291077
6.97708129883
7.11107254028
6.84595108032
6.69717788696
6.66093826294
7.03692436218
6.80208206177
6.76608085632
6.98494911194
7.16280937195
6.82497024536
6.8199634552
6.80613517761
6.81614875793
6.9739818573
6.71195983887
6.84905052185
6.81900978088
6.72912597656
6.86097145081
6.95896148682
7.26199150085
6.95705413818
6.8531036377
7.03406333923
6.91604614258
6.80589675903
6.87718391418
6.81495666504
7.13086128235
6.90889358521
6.75797462463
6.93416595459
6.78515434265
6.78706169128
6.76202774048
7.70807266235
7.24101066589
6.98280334473
7.17711448669
6.91413879395
8.56709480286
6.64019584656
7.08103179932
6.83403015137
6.67381286621
7.04312324524
7.03692436218
6.99806213379
6.87289237976
6.67905807495
6.84714317322
6.90793991089
6.85405731201
7.05504417419
6.8039894104
6.84094429016
6.66117668152
6.80899620056
6.81209564209
6.80994987488
7.08889961243
6.93511962891
6.6831111908
7.17091560364
6.68096542358
7.07697868347
6.76703453064
6.79206848145
6.84499740601
6.84809684753
7.02309608459
7.07101821899
7.88712501526
7.18402862549
6.45089149475
6.4959526062
6.42704963684
6.97588920593
6.85906410217
6.6511631012
6.83116912842
6.81591033936
7.05003738403
6.86407089233
6.94584846497
6.76584243774
6.60490989685
6.82616233826
6.77990913391
7.28106498718
7.14302062988
6.81710243225
6.90603256226
6.91604614258
6.83999061584
6.99806213379
6.88600540161
6.80899620056
7.66205787659
6.83403015137
6.75678253174
6.85381889343
6.91819190979
6.82711601257
6.76918029785
7.13515281677
6.95991516113
6.97207450867
7.02095031738
6.80303573608
6.97302818298
6.86287879944
6.82997703552
7.19809532166
6.78491592407
6.82711601257
6.75415992737
6.80589675903
6.87599182129
7.04097747803
7.20381736755
7.04503059387
6.75201416016
6.64114952087
6.79492950439
7.10797309875
6.8211555481
6.97588920593
6.76012039185
6.75702095032
6.86717033386
6.72602653503
6.81710243225
6.76989555359
6.91890716553
6.81781768799
6.73890113831
6.81805610657
6.96516036987
7.03907012939
6.97422027588
6.77490234375
6.84785842896
6.73818588257
6.76894187927
6.70409202576
6.93607330322
7.13801383972
6.81710243225
7.38382339478
6.76798820496
6.92105293274
6.85811042786
6.83689117432
6.88099861145
8.11195373535
6.81519508362
6.68001174927
6.76512718201
6.76298141479
6.85596466064
6.88791275024
7.02595710754
6.5770149231
6.8039894104
6.69503211975
7.04193115234
6.96015357971
6.81018829346
6.80613517761
6.78491592407
6.84285163879
6.88910484314
6.77609443665
6.86287879944
6.87003135681
6.80088996887
7.91597366333
6.72888755798
7.00378417969
7.03310966492
6.79707527161
6.76298141479
6.80685043335
6.82997703552
6.80899620056
6.94489479065
6.76107406616
6.70194625854
6.78706169128
6.96492195129
6.77704811096
6.77919387817
6.75797462463
6.92796707153
6.95395469666
6.99615478516
6.83903694153
7.17711448669
6.88815116882
6.90007209778
6.95109367371
6.77394866943
6.8302154541
6.98900222778
6.78706169128
6.72888755798
7.03001022339
6.87909126282
6.81805610657
6.96492195129
6.86478614807
6.81686401367
6.83903694153
6.72197341919
7.3549747467
6.85000419617
6.72602653503
7.13086128235
6.73198699951
6.80589675903
6.74200057983
6.80017471313
6.74104690552
6.92796707153
6.7880153656
7.13300704956
6.88600540161
6.85596466064
6.76202774048
6.69407844543
6.83212280273
6.77990913391
6.90293312073
6.74080848694
6.96420669556
6.78586959839
7.4679851532
6.8199634552
6.8039894104
6.72698020935
6.83617591858
6.7892074585
6.84714317322
6.97493553162
6.86407089233
6.77800178528
6.76393508911
6.78420066833
7.01594352722
6.72006607056
6.81591033936
6.99496269226
6.78586959839
6.75320625305
6.89911842346
6.76298141479
6.72006607056
6.75106048584
6.83903694153
6.78300857544
6.72101974487
6.96516036987
6.83212280273
6.73007965088
6.77609443665
6.97588920593
6.6089630127
6.75797462463
6.76798820496
6.76584243774
6.85501098633
6.86097145081
6.75106048584
7.08317756653
6.72006607056
6.98685646057
6.89196586609
6.94108009338
6.82616233826
7.15112686157
6.87718391418
7.13086128235
7.04193115234
6.86192512512
6.76417350769
6.90698623657
6.88719749451
6.79111480713
7.01880455017
6.83212280273
6.91294670105
6.74200057983
6.84189796448
6.90388679504
6.94394111633
6.75487518311
6.89697265625
6.9899559021
7.4348449707
6.82902336121
6.80112838745
6.92009925842
7.03001022339
6.80208206177
6.8781375885
6.77609443665
6.82091712952
6.88195228577
6.99996948242
6.82306289673
7.05790519714
7.52711296082
6.77990913391
6.88886642456
7.01212882996
6.97112083435
7.13801383972
6.87098503113
6.81281089783
7.28607177734
6.85095787048
6.82592391968
7.22479820251
6.83999061584
6.91604614258
6.82210922241
6.95013999939
6.86097145081
6.87789916992
6.8781375885
6.80112838745
7.15494155884
6.8461894989
7.07221031189
6.95300102234
6.88099861145
6.91986083984
6.98685646057
6.81185722351
6.88791275024
6.92105293274
6.92105293274
6.85596466064
6.87408447266
6.83093070984
6.95300102234
6.6249370575
6.82902336121
6.90793991089
6.74986839294
6.85405731201
6.91509246826
6.87694549561
6.80994987488
7.21311569214
6.94608688354
6.73604011536
7.16590881348
6.86192512512
6.82997703552
6.75296783447
6.84690475464
6.99090957642
7.01093673706
6.73198699951
7.09581375122
6.83617591858
6.7892074585
6.98184967041
7.15494155884
7.13801383972
6.93011283875
6.81018829346
6.79492950439
6.80589675903
6.94394111633
7.07316398621
6.79707527161
8.03589820862
6.84905052185
6.88910484314
6.75511360168
6.88791275024
6.93488121033
6.83903694153
6.84189796448
6.83116912842
7.04884529114
6.88695907593
6.85596466064
6.77990913391
7.87901878357
6.78205490112
6.8519115448
6.87503814697
6.8461894989
7.04479217529
6.75415992737
6.76012039185
6.83093070984
6.75702095032
7.404088974
6.85214996338
6.82902336121
6.83403015137
6.8039894104
6.79707527161
8.02206993103
6.95395469666
7.87997245789
7.64298439026
8.70704650879
7.4770450592
6.85596466064
8.88586044312
6.66499137878
6.4971446991
6.45589828491
6.37006759644
6.81614875793
6.756067276
6.94489479065
6.78586959839
6.77490234375
6.8039894104
7.0059299469
7.69805908203
7.46393203735
6.72912597656
6.91795349121
7.78698921204
9.4690322876
6.50405883789
6.67595863342
7.23004341125
6.50906562805
6.53600692749
6.91699981689
7.13801383972
6.88290596008
7.24601745605
7.25102424622
7.23814964294
7.30395317078
7.19785690308
7.11607933044
7.30109214783
6.93416595459
6.83498382568
7.04503059387
7.01808929443
6.96897506714
7.02500343323
7.00092315674
7.65800476074
7.0538520813
7.21406936646
7.2340965271
7.16519355774
6.98781013489
7.10606575012
7.05099105835
7.39979743958
8.94403457642
7.2181224823
6.90793991089
7.41815567017
6.80685043335
7.26199150085
7.65895843506
7.00211524963
6.88600540161
7.23695755005
7.23218917847
6.87599182129
7.13181495667
7.53688812256
6.96206092834
8.1160068512
7.11488723755
7.10415840149
7.25793838501
7.18092918396
7.17306137085
7.28702545166
8.29315185547
7.20882415771
7.56311416626
7.20882415771
7.18188285828
7.88712501526
7.0538520813
7.17401504517
8.2368850708
7.22813606262
7.3139667511
7.87401199341
6.79206848145
7.19094276428
7.80010223389
6.98685646057
7.30800628662
8.97789001465
7.23886489868
7.12013244629
7.45892524719
7.14492797852
7.8649520874
7.39979743958
6.99996948242
6.79421424866
6.87193870544
6.82902336121
6.74295425415
6.62612915039
6.94799423218
6.71601295471
6.87289237976
6.93893432617
6.71696662903
7.7178478241
6.74796104431
6.76083564758
6.79087638855
6.76894187927
7.67683982849
7.0321559906
7.08293914795
6.94298744202
10.2260112762
10.56599617
7.27200508118
9.93704795837
7.8330039978
6.67309761047
6.50215148926
7.42602348328
6.71887397766
6.93511962891
7.08103179932
6.59012794495
7.4291229248
6.64710998535
7.47680664062
6.94489479065
6.45804405212
6.46305084229
6.422996521
6.62398338318
6.63590431213
6.82187080383
6.82997703552
6.79087638855
7.34090805054
6.72197341919
7.61699676514
7.03001022339
6.76107406616
6.71696662903
7.44700431824
6.76798820496
7.06911087036
6.94704055786
6.92582130432
6.95013999939
6.7150592804
6.99687004089
6.7081451416
6.87217712402
8.07905197144
6.3910484314
6.46090507507
6.41798973083
7.43913650513
6.85000419617
6.89101219177
6.89911842346
6.81400299072
6.72101974487
7.57002830505
6.88481330872
7.04979896545
6.77800178528
6.93392753601
6.99496269226
6.97994232178
6.94394111633
6.98781013489
6.86407089233
6.84189796448
6.88695907593
8.39114189148
7.01284408569
6.81281089783
6.86407089233
6.85811042786
6.8359375
7.13610649109
6.99186325073
6.81900978088
6.94394111633
6.99090957642
7.06815719604
6.66689872742
6.90102577209
7.01093673706
6.85214996338
6.88695907593
7.04789161682
7.01713562012
6.82282447815
7.10892677307
6.92415237427
6.76918029785
6.97112083435
6.83307647705
6.9408416748
7.07292556763
7.02309608459
6.90102577209
6.73794746399
6.94584846497
15.762090683
28.9919376373
16.0491466522
10.5268955231
6.73508644104
6.48903846741
7.25102424622
7.45010375977
6.58893585205
9.17887687683
6.59012794495
6.69097900391
6.49094581604
6.39700889587
6.37292861938
11.7268562317
11.7869377136
13.9968395233
10.262966156
10.4858875275
15.368938446
10.458946228
13.7059688568
12.9292011261
11.3229751587
9.78994369507
6.62994384766
6.42418861389
6.63781166077
6.60610198975
6.42490386963
6.95991516113
6.65807723999
6.48903846741
7.12704658508
6.5131187439
6.67595863342
6.57105445862
6.47902488708
6.39295578003
6.4549446106
7.03287124634
7.03620910645
9.06300544739
12.825012207
7.03287124634
6.83498382568
6.85000419617
6.58702850342
6.49499893188
6.9260597229
7.19094276428
6.95490837097
7.14802742004
7.10892677307
6.91819190979
7.02095031738
7.46893882751
6.83689117432
7.21287727356
9.92512702942
7.39693641663
6.98685646057
7.0469379425
6.90388679504
6.98494911194
6.89482688904
7.97510147095
7.16781616211
7.90286064148
7.37404823303
7.10701942444
8.44883918762
7.30991363525
7.02500343323
6.67500495911
6.8781375885
6.66999816895
6.49094581604
6.76608085632
6.91294670105
7.28321075439
7.28106498718
6.82401657104
6.6978931427
6.8359375
7.169008255
7.26318359375
7.27796554565
7.57002830505
7.05504417419
7.20000267029
6.92200660706
7.17997550964
7.16805458069
7.239818573
7.96699523926
7.10201263428
7.45797157288
7.25603103638
7.12203979492
6.98304176331
8.26191902161
6.85095787048
6.76798820496
7.62295722961
7.65800476074
7.18522071838
8.03899765015
7.03692436218
6.9420337677
7.01785087585
6.99591636658
6.96897506714
7.02595710754
6.73604011536
7.04717636108
7.00807571411
6.86812400818
6.93392753601
7.01093673706
8.05497169495
7.19285011292
7.04407691956
6.85811042786
7.89904594421
7.00688362122
7.03716278076
7.67493247986
8.45098495483
6.55698776245
6.92200660706
8.00085067749
6.68787956238
8.455991745
7.00688362122
6.75201416016
6.66999816895
7.03620910645
7.21001625061
9.06801223755
7.2660446167
7.04908370972
9.30905342102
7.27391242981
7.26103782654
7.31897354126
7.05409049988
6.96992874146
7.34210014343
6.94489479065
7.15088844299
6.85381889343
6.94608688354
8.12602043152
7.27105140686
6.90698623657
6.92296028137
7.13920593262
7.01403617859
6.91604614258
6.99496269226
6.94894790649
6.74700737
6.72483444214
6.83379173279
6.73818588257
7.25293159485
7.03406333923
8.61001014709
6.82401657104
6.74295425415
6.80804252625
7.17878341675
7.10916519165
7.01594352722
7.16495513916
7.21192359924
6.83307647705
7.34400749207
7.12704658508
8.3441734314
8.66007804871
7.10582733154
6.92391395569
7.25412368774
7.33399391174
7.53593444824
6.80208206177
6.66785240173
6.52408599854
6.39796257019
7.47108459473
6.77013397217
6.98208808899
7.11107254028
8.48889350891
7.69686698914
6.81591033936
6.77585601807
7.03811645508
6.76298141479
6.79302215576
6.97088241577
7.22002983093
7.22193717957
6.88695907593
7.2660446167
7.07292556763
7.3299407959
7.58695602417
7.43389129639
7.44199752808
7.55000114441
6.57606124878
6.36386871338
6.71982765198
7.85803794861
7.11107254028
7.15398788452
7.23099708557
7.03001022339
7.34186172485
7.30800628662
6.81495666504
7.4348449707
6.84809684753
7.23004341125
6.78992271423
6.96182250977
7.14516639709
7.30395317078
6.90913200378
6.81710243225
6.93607330322
7.20000267029
6.88505172729
8.10694694519
6.98184967041
7.11417198181
6.8838596344
7.4360370636
7.16710090637
6.85405731201
6.93416595459
7.58504867554
7.20715522766
7.11989402771
7.53617286682
6.79612159729
6.98184967041
7.08913803101
7.02214241028
7.09700584412
6.94012641907
7.07077980042
6.8621635437
6.79898262024
8.18991661072
8.06093215942
7.02095031738
7.68208503723
7.41004943848
7.23195075989
6.95490837097
7.27415084839
7.44700431824
6.82377815247
7.12895393372
7.26199150085
7.74717330933
6.91413879395
6.66809082031
7.91001319885
6.63113594055
6.66379928589
6.81018829346
7.50589370728
7.10892677307
6.76107406616
6.72101974487
6.86192512512
6.8519115448
6.8371295929
6.97302818298
7.00306892395
6.77704811096
6.8039894104
7.33995437622
6.85381889343
6.86097145081
6.76894187927
6.79993629456
6.81495666504
8.2540512085
6.8690776825
7.56406784058
6.79302215576
8.20398330688
6.72197341919
6.76107406616
6.67715072632
6.69193267822
6.72101974487
6.96587562561
8.10217857361
7.3721408844
6.71100616455
6.9408416748
6.88600540161
6.86502456665
6.92296028137
7.09390640259
7.31205940247
6.89196586609
6.84690475464
7.13515281677
6.99496269226
7.03310966492
6.74200057983
7.19594955444
7.18212127686
6.77299499512
6.68907165527
6.87694549561
8.89110565186
6.56485557556
6.5929889679
6.49690628052
6.53696060181
6.44588470459
6.82520866394
7.02595710754
6.75296783447
6.68692588806
6.52003288269
6.40797615051
7.00092315674
6.98089599609
7.13300704956
6.92486763
6.98900222778
6.99687004089
6.99400901794
28.7129878998
10.3838443756
9.86003875732
7.20620155334
12.4890804291
12.6521587372
6.55603408813
6.54006004333
6.85620307922
6.37578964233
6.66117668152
6.48903846741
6.41703605652
6.82401657104
7.09104537964
6.99710845947
6.80494308472
6.8678855896
6.94298744202
7.03716278076
8.08501243591
