10.8489990234
10.8289718628
11.1150741577
10.614156723
10.7839107513
11.3651752472
10.7719898224
10.6859207153
10.9140872955
10.6971263885
10.6430053711
10.9009742737
11.4538669586
10.9169483185
10.9522342682
13.9260292053
10.7879638672
28.3579826355
18.5289382935
10.6999874115
10.9601020813
11.7859840393
10.6770992279
10.283946991
10.3390216827
12.8509998322
13.1230354309
10.7510089874
10.7181072235
15.261888504
18.9459323883
11.3549232483
10.7300281525
12.619972229
11.1820697784
13.8239860535
18.1741714478
13.5560035706
61.1860752106
65.6681060791
26.6342163086
14.6188735962
14.5189762115
12.2320652008
13.7779712677
11.0569000244
12.9878520966
14.9660110474
12.8629207611
18.9719200134
11.6250514984
14.9171352386
11.7778778076
12.9292011261
10.4730129242
10.8149051666
11.0788345337
10.9610557556
11.1410617828
10.6089115143
11.6260051727
10.9288692474
11.5358829498
11.5749835968
11.962890625
10.6370449066
10.9069347382
10.5819702148
11.2450122833
13.3881568909
11.3279819489
13.2939815521
10.861158371
12.4700069427
10.8420848846
11.2688541412
11.7809772491
11.3561153412
10.6971263885
15.4299736023
11.470079422
18.8579559326
11.0428333282
10.8618736267
11.846780777
17.5111293793
10.8158588409
13.7958526611
13.5140419006
10.6799602509
10.6709003448
11.0599994659
10.5459690094
11.8000507355
10.4360580444
10.4100704193
11.3060474396
12.7890110016
11.0080242157
11.4209651947
10.8859539032
11.8019580841
10.9550952911
16.233921051
13.3991241455
19.8090076447
10.6241703033
18.9940929413
13.2927894592
17.5368785858
23.2698917389
13.023853302
16.2999629974
14.4779682159
13.7751102448
14.3690109253
11.9431018829
10.4570388794
11.2810134888
10.4739665985
10.7851028442
10.43009758
16.697883606
10.9832286835
11.6710662842
19.6650028229
27.7769565582
10.8959674835
12.5679969788
12.6020908356
12.393951416
12.5758647919
10.9560489655
10.7629299164
11.3041400909
11.2371444702
10.9920501709
20.7278728485
12.7499103546
12.9628181458
17.9541110992
17.0369148254
10.9710693359
11.3739967346
11.3279819489
10.8458995819
10.8649730682
11.0709667206
11.6250514984
11.039018631
10.9450817108
11.4710330963
10.6358528137
10.6670856476
11.4579200745
11.3930702209
11.2359523773
10.8098983765
12.03083992
12.7618312836
11.1191272736
10.6160640717
11.5089416504
13.2658481598
12.8321647644
13.2119655609
13.1239891052
16.2558555603
17.2188282013
12.3431682587
16.7300701141
14.5139694214
11.1150741577
12.1550559998
10.6179714203
11.9690895081
10.468006134
10.5228424072
10.8270645142
11.3739967346
11.1601352692
11.4150047302
10.9128952026
10.9510421753
11.785030365
17.8060531616
12.7589702606
11.2609863281
13.0858421326
13.5490894318
11.3971233368
11.4691257477
11.4870071411
10.5061531067
10.7939243317
10.7998847961
13.4220123291
10.8499526978
11.3718509674
11.2459659576
10.8580589294
12.974023819
12.6538276672
11.6510391235
11.9879245758
11.990070343
10.4689598083
10.7159614563
10.5471611023
11.2659931183
11.1889839172
11.2638473511
10.9779834747
10.9407901764
10.8759403229
10.7839107513
14.8169994354
11.3739967346
11.1610889435
10.7510089874
11.5888118744
11.0280513763
10.8981132507
10.8599662781
10.8850002289
10.8070373535
10.8828544617
10.7688903809
11.3379955292
11.1129283905
11.0409259796
10.9961032867
10.7939243317
10.8408927917
11.3809108734
10.7421875
11.2719535828
10.724067688
11.0130310059
11.0189914703
10.8568668365
11.039018631
11.0731124878
10.8151435852
11.1298561096
11.0318660736
11.039018631
10.8869075775
11.0909938812
11.0940933228
11.1799240112
10.8821392059
10.899066925
13.2920742035
10.9839439392
11.0609531403
10.8418464661
11.0931396484
12.1991634369
10.8618736267
10.7929706573
10.9360218048
10.92004776
11.8548870087
11.7740631104
10.931968689
10.8270645142
12.3851299286
10.9148025513
10.9770298004
10.9040737152
11.036157608
11.6062164307
10.8318328857
11.4769935608
10.6241703033
11.7950439453
10.8690261841
11.8589401245
10.883808136
11.1248493195
11.3310813904
10.9140872955
10.6499195099
10.7800960541
11.2671852112
10.9550952911
11.3501548767
10.901927948
11.2497806549
12.4199390411
11.8050575256
12.3610496521
12.6550197601
11.2040042877
11.0762119293
11.1739635468
11.0101699829
10.7960700989
10.7929706573
11.1019611359
11.1711025238
11.00897789
11.0440254211
11.2171173096
10.6599330902
10.9419822693
10.9119415283
10.9310150146
10.9169483185
10.803937912
10.8749866486
10.7939243317
11.1420154572
11.7409229279
10.9980106354
10.6031894684
11.0499858856
11.0599994659
10.8919143677
11.3542079926
11.4171504974
10.9341144562
11.1181735992
11.4300251007
11.134147644
10.8489990234
10.9519958496
11.0108852386
10.8489990234
10.9360218048
11.2309455872
11.4841461182
10.9369754791
10.7319355011
10.7018947601
10.7970237732
11.1072063446
11.029958725
10.8571052551
10.852098465
10.8680725098
12.0558738708
11.3298892975
11.0518932343
10.8969211578
11.2018585205
11.1110210419
11.1179351807
10.8880996704
10.7998847961
10.8110904694
10.8580589294
10.9839439392
11.1601352692
11.0030174255
12.4220848083
13.4680271149
10.978937149
10.9090805054
10.7820034027
10.9601020813
11.164188385
10.9720230103
11.8939876556
11.9278430939
12.3000144958
10.9438896179
10.6570720673
10.8110904694
10.7619762421
10.978937149
10.7700824738
11.0578536987
10.8549594879
10.871887207
10.8840465546
10.8549594879
10.7660293579
10.8530521393
11.3289356232
11.3170146942
10.8799934387
11.246919632
10.9369754791
11.0199451447
11.0759735107
10.9159946442
11.3010406494
11.7609500885
10.8370780945
10.8170509338
10.8850002289
10.8449459076
10.9710693359
10.8771324158
10.931968689
10.6999874115
10.8280181885
11.0177993774
10.7729434967
10.8780860901
11.2159252167
10.8442306519
10.9839439392
10.910987854
10.8330249786
10.9360218048
10.9820365906
10.8239650726
10.9670162201
10.880947113
10.9131336212
11.2130641937
10.9632015228
10.8630657196
11.5430355072
11.1529827118
10.9820365906
10.8180046082
11.1961364746
10.7898712158
10.8950138092
10.8981132507
10.990858078
10.969877243
10.8060836792
11.2228393555
11.3580226898
10.929107666
11.1949443817
11.0340118408
10.9829902649
10.9901428223
11.0020637512
11.1570358276
11.4591121674
11.2709999084
10.7779502869
11.696100235
11.0650062561
10.8289718628
10.9140872955
10.8530521393
10.8740329742
10.7500553131
11.0280513763
10.8561515808
10.8418464661
11.0230445862
10.8139514923
10.8571052551
13.2479667664
10.8709335327
11.3101005554
10.8571052551
10.7889175415
10.8089447021
10.9651088715
11.0120773315
10.9260082245
11.106967926
10.8399391174
10.8540058136
10.8251571655
10.9159946442
10.7450485229
10.9169483185
10.7779502869
10.8640193939
11.1050605774
11.1880302429
11.09790802
11.0611915588
10.9100341797
10.7619762421
10.883808136
11.0850334167
10.8830928802
10.8070373535
11.002779007
10.8709335327
10.8978748322
10.9779834747
10.8098983765
10.7791423798
11.0139846802
10.843038559
10.7090473175
10.7860565186
10.7810497284
10.8850002289
10.9589099884
11.1191272736
10.9221935272
10.9078884125
11.1210346222
15.9130096436
10.8859539032
10.9260082245
10.9398365021
11.3508701324
11.9650363922
10.7321739197
11.0030174255
10.7781887054
11.0831260681
11.2018585205
10.8420848846
10.8859539032
10.8289718628
10.8819007874
10.8730792999
11.0740661621
10.8551979065
11.0218524933
10.7710361481
10.9469890594
11.1200809479
11.8570327759
10.9598636627
11.8701457977
10.8439922333
11.1629962921
10.8489990234
11.9059085846
10.7679367065
10.8680725098
10.9779834747
10.8079910278
10.931968689
10.7941627502
10.8649730682
11.0569000244
11.803150177
10.8690261841
11.0259056091
10.8439922333
10.7491016388
10.8830928802
10.8468532562
10.8749866486
10.9391212463
10.8609199524
10.9558105469
11.5098953247
10.913848877
10.8160972595
11.0039710999
10.9260082245
10.9238624573
10.7908248901
11.4440917969
10.9651088715
11.0678672791
11.4419460297
10.7679367065
11.4810466766
10.9119415283
10.9169483185
10.8211040497
12.4659538269
10.9338760376
10.929107666
11.8758678436
11.4469528198
10.8370780945
11.0008716583
10.8981132507
10.9930038452
10.8749866486
11.1920833588
11.1379623413
10.9388828278
10.8599662781
10.7641220093
11.125087738
12.8800868988
10.910987854
10.922908783
10.9148025513
11.8451118469
10.9419822693
10.7479095459
10.9300613403
10.8571052551
10.8370780945
10.7858181
10.9379291534
11.0449790955
13.0231380463
11.9860172272
11.7301940918
11.6279125214
11.45195961
11.1029148102
12.0089054108
11.9290351868
11.9760036469
12.2728347778
11.27409935
13.1480693817
11.8010044098
11.2888813019
11.3251209259
11.3778114319
11.1110210419
11.2240314484
10.8499526978
10.8489990234
11.4738941193
11.598110199
11.3310813904
14.0228271484
11.344909668
10.9620094299
10.8461380005
10.8399391174
10.7250213623
10.7719898224
10.9460353851
14.1181945801
11.5549564362
17.4441337585
11.7039680481
11.0199451447
11.7070674896
10.9009742737
11.1727714539
10.5690956116
11.066198349
21.2287902832
12.8629207611
11.0521316528
11.4729404449
12.099981308
11.9650363922
12.7248764038
10.9179019928
11.1629962921
10.7781887054
11.3129615784
11.0428333282
11.8198394775
11.4448070526
10.9798908234
10.4961395264
10.4608535767
10.5850696564
11.9159221649
12.7239227295
19.9439525604
11.3768577576
11.4009380341
10.9899044037
10.3950500488
10.9379291534
11.2929344177
11.4929676056
10.7021331787
14.7078037262
11.4059448242
11.2299919128
11.1618041992
11.1479759216
11.4769935608
11.9550228119
11.1660957336
10.645866394
10.7169151306
10.4610919952
10.7700824738
10.6389522552
13.0889415741
11.2128257751
11.8441581726
10.4539394379
13.0219459534
11.011838913
11.1498832703
10.6999874115
10.7669830322
10.7071399689
11.7740631104
10.4019641876
10.5690956116
10.5760097504
12.8490924835
12.4380588531
11.2857818604
10.5409622192
10.7140541077
16.2348747253
13.0271911621
11.5871429443
11.7151737213
13.4320259094
13.9648914337
11.0170841217
10.6449127197
10.409116745
12.3770236969
12.5949382782
14.261007309
16.8900489807
12.4170780182
17.1458721161
10.4329586029
10.6678009033
10.3960037231
11.8899345398
11.116027832
10.6451511383
10.6840133667
10.4660987854
10.372877121
10.3719234467
10.7798576355
10.9081268311
10.4110240936
10.5309486389
13.4661197662
10.7409954071
10.458946228
10.6661319733
10.7932090759
10.7569694519
10.9670162201
10.4010105133
10.9329223633
10.4930400848
11.0828876495
10.6060504913
31.3949584961
16.0989761353
26.2382030487
12.8569602966
22.4008560181
10.8251571655
10.3929042816
11.2788677216
11.0230445862
10.6580257416
12.4230384827
10.4410648346
10.5278491974
10.5340480804
10.4072093964
10.4060173035
11.1749172211
11.1660957336
10.4072093964
10.5087757111
10.3278160095
10.7438564301
10.8962059021
11.6920471191
20.8179950714
18.2468891144
12.9570960999
11.1801624298
13.3030414581
10.6389522552
12.1841430664
14.8949623108
14.986038208
14.6820545197
12.4540328979
11.4331245422
11.2979412079
11.608839035
10.8590126038
12.8700733185
11.3360881805
11.2450122833
11.4572048187
12.1579170227
12.3949050903
11.4929676056
11.8329524994
12.6760005951
15.692949295
15.7351493835
15.7539844513
11.8479728699
10.6101036072
10.4830265045
10.4548931122
12.1209621429
12.4461650848
47.71900177
20.5278396606
16.2169933319
18.2211399078
10.3240013123
10.3900432587
10.2660655975
10.5471611023
10.3349685669
11.5540027618
10.4100704193
10.4877948761
10.468006134
10.5409622192
10.5090141296
10.8721256256
10.5910301208
10.4169845581
10.3919506073
13.8401985168
10.440826416
10.34116745
13.836145401
10.9639167786
11.0719203949
11.0437870026
11.00897789
11.2547874451
11.0030174255
10.6110572815
11.0301971436
10.8530521393
11.7039680481
11.0859870911
10.8740329742
10.7669830322
10.8380317688
13.1459236145
13.2660865784
10.7750892639
10.528087616
13.4479999542
11.3799571991
11.6059780121
11.8279457092
11.2202167511
10.9679698944
11.4500522614
12.0170116425
13.8230323792
11.6832256317
11.5530490875
11.1858844757
10.605096817
10.7171535492
11.0900402069
11.1010074615
10.9250545502
11.0712051392
11.246919632
10.8880996704
11.0030174255
10.9779834747
11.4979743958
12.2811794281
12.8898620605
12.186050415
11.0058784485
10.833978653
10.7939243317
11.6050243378
10.7660293579
10.8909606934
11.6009712219
11.2640857697
11.4469528198
11.7609500885
11.0149383545
10.9701156616
11.0437870026
12.8569602966
13.1511688232
11.8961334229
11.4450454712
10.9958648682
11.3809108734
11.1157894135
11.4171504974
10.862827301
11.1789703369
11.0559463501
11.0328197479
11.9791030884
11.3050937653
11.0440254211
11.1141204834
10.9460353851
11.1529827118
10.9508037567
11.1470222473
11.125087738
11.1060142517
11.6939544678
11.1091136932
10.9980106354
11.0359191895
11.0819339752
11.0430717468
11.0230445862
11.1539363861
12.1250152588
11.1401081085
12.393951416
10.9088420868
10.9899044037
10.83111763
11.1489295959
10.7979774475
11.0161304474
13.4298801422
11.0239982605
11.5029811859
12.7820968628
47.1758842468
13.2901668549
18.3050632477
15.9740447998
10.8919143677
10.6511116028
23.9579677582
17.5700187683
11.8298530579
10.626077652
11.6658210754
10.3077888489
10.3540420532
10.5271339417
11.2240314484
10.4820728302
10.4370117188
12.2358798981
12.3929977417
10.9870433807
15.0330066681
10.528087616
10.3950500488
10.4508399963
10.4811191559
10.4188919067
10.7939243317
10.43009758
10.2941989899
10.6379985809
11.4269256592
11.0249519348
10.4339122772
11.0638141632
12.5308036804
10.7760429382
10.4041099548
10.6689929962
10.4269981384
11.3580226898
10.8988285065
12.2191905975
22.7801799774
11.589050293
10.7688903809
10.8730792999
13.1380558014
13.8280391693
13.1390094757
14.9431228638
10.9241008759
10.3888511658
10.4551315308
11.1010074615
10.6799602509
11.9068622589
12.6900672913
11.6720199585
15.9440040588
13.2241249084
22.3820209503
23.8568782806
13.8847827911
12.0141506195
11.4450454712
10.7238292694
15.7668590546
15.93708992
10.6489658356
10.8950138092
10.5619430542
10.6871128082
10.5991363525
10.5640888214
10.507106781
11.8250846863
10.3459358215
10.4639530182
10.7550621033
10.3809833527
34.276008606
16.7708396912
12.0298862457
10.7979774475
11.372089386
12.5308036804
