5.3699016571
5.18488883972
5.50293922424
5.48601150513
5.25808334351
5.37991523743
5.50699234009
5.63979148865
5.44190406799
7.75408744812
5.22208213806
5.5239200592
5.24711608887
5.40399551392
5.539894104
5.53107261658
5.37204742432
5.14006614685
5.59306144714
7.76600837708
5.28192520142
5.38206100464
5.35082817078
5.51199913025
5.43594360352
5.32102584839
5.81908226013
5.46097755432
5.32293319702
5.40494918823
5.41806221008
5.48601150513
5.46383857727
5.44190406799
5.25689125061
5.42998313904
5.46813011169
5.41186332703
5.37085533142
5.42092323303
5.33294677734
5.33103942871
5.3870677948
6.09087944031
5.49983978271
5.33509254456
5.42211532593
5.59282302856
5.33485412598
6.13498687744
5.32484054565
5.35893440247
5.28287887573
5.35106658936
5.43212890625
5.17511367798
5.54394721985
5.37490844727
5.21993637085
5.35702705383
6.05797767639
5.1691532135
5.14388084412
5.25403022766
5.11193275452
5.13505935669
5.15699386597
5.17916679382
5.72800636292
5.37490844727
5.70511817932
5.18202781677
5.5091381073
5.17201423645
5.13291358948
5.22208213806
5.33413887024
5.10191917419
5.13291358948
5.61380386353
5.17177581787
5.2969455719
5.60188293457
5.215883255
5.47194480896
5.13982772827
5.30600547791
5.25808334351
5.1531791687
5.10692596436
5.26595115662
5.14006614685
5.14483451843
5.62810897827
5.13696670532
7.79700279236
5.18608093262
5.36298751831
5.34009933472
5.28287887573
5.35297393799
5.13505935669
6.6602230072
5.18393516541
5.11288642883
5.18679618835
6.12902641296
5.25403022766
5.22589683533
5.22899627686
5.20181655884
5.32484054565
5.1589012146
5.15103340149
5.49387931824
5.33103942871
5.34105300903
5.14793395996
5.50389289856
5.23900985718
5.18894195557
5.50818443298
5.2011013031
5.30409812927
5.19680976868
5.68604469299
5.17320632935
5.33008575439
5.64408302307
5.12003898621
5.47695159912
5.30791282654
5.16104698181
5.63812255859
5.15604019165
5.12003898621
5.15198707581
5.1600933075
5.18083572388
5.13100624084
5.20491600037
5.10907173157
5.68008422852
7.27891921997
5.62596321106
5.11407852173
5.8331489563
5.21612167358
5.10787963867
5.13911247253
5.17392158508
5.19704818726
5.27000427246
5.81216812134
5.71012496948
5.12981414795
5.24616241455
5.14483451843
5.32793998718
6.44612312317
7.3549747467
5.47790527344
5.42998313904
5.2478313446
5.18584251404
5.92398643494
5.18798828125
5.09810447693
5.53703308105
5.15007972717
5.10907173157
5.20491600037
5.47909736633
5.27691841125
5.44404983521
5.46789169312
5.15103340149
5.12385368347
6.76202774048
5.11288642883
5.18012046814
5.3129196167
5.15985488892
5.11598587036
5.30505180359
5.15198707581
5.12099266052
5.59592247009
5.28407096863
5.82408905029
5.42402267456
5.24806976318
5.13195991516
5.18488883972
5.29289245605
5.18894195557
5.77998161316
5.16796112061
5.31411170959
5.13100624084
5.58090209961
5.16390800476
5.15198707581
5.36394119263
5.16200065613
5.17511367798
6.49499893188
5.12194633484
5.17201423645
5.12003898621
5.49697875977
6.19602203369
5.12504577637
5.1600933075
5.30600547791
5.39088249207
5.13696670532
5.27000427246
6.21819496155
5.24210929871
5.36298751831
5.27286529541
5.69081306458
5.32007217407
5.22589683533
5.72085380554
5.20086288452
5.12981414795
5.19394874573
5.12003898621
5.16796112061
5.26309013367
5.23900985718
5.35798072815
5.54203987122
5.33103942871
5.61094284058
5.31077384949
5.49507141113
5.15198707581
5.17082214355
5.40399551392
5.27286529541
5.64980506897
5.22303581238
5.40900230408
5.13792037964
5.65695762634
5.49077987671
5.23209571838
5.17511367798
5.32102584839
5.18703460693
5.22994995117
5.15198707581
5.17892837524
5.67102432251
5.17296791077
5.16200065613
6.30187988281
5.34009933472
5.2011013031
5.83100318909
5.25617599487
5.12194633484
5.97310066223
5.37204742432
5.23018836975
5.1109790802
5.30195236206
5.24616241455
5.18012046814
5.22708892822
5.97190856934
5.19490242004
5.13100624084
5.29384613037
5.17106056213
5.25093078613
5.36704063416
5.85508346558
5.3288936615
5.09595870972
6.12998008728
5.22589683533
5.27596473694
5.18107414246
5.19204139709
5.24401664734
5.58686256409
5.19394874573
5.19800186157
6.14404678345
5.12099266052
5.60307502747
5.57208061218
5.12504577637
5.27501106262
5.35583496094
5.1121711731
5.20896911621
5.17106056213
5.22208213806
5.36608695984
5.14101982117
5.18298149109
5.25903701782
5.30600547791
5.14507293701
5.46908378601
5.40709495544
5.40113449097
9.17792320251
5.09405136108
5.62381744385
5.8901309967
5.32412528992
5.14507293701
5.95498085022
5.13195991516
5.54490089417
5.14912605286
5.25403022766
5.15294075012
5.14984130859
5.1908493042
5.34796714783
5.15294075012
5.89489936829
5.16700744629
5.22685050964
5.34892082214
5.27000427246
5.82695007324
5.22398948669
5.31411170959
5.42402267456
5.32603263855
5.52701950073
5.1429271698
5.1589012146
5.69200515747
5.16510009766
5.24282455444
5.19514083862
5.08904457092
5.70511817932
5.1281452179
5.24806976318
5.13195991516
5.17296791077
5.25093078613
5.67197799683
5.33485412598
5.10883331299
5.24997711182
5.45215606689
5.21397590637
5.12385368347
5.9700012207
5.126953125
5.54394721985
5.17606735229
5.3699016571
5.13792037964
5.12313842773
5.88297843933
5.56588172913
5.21492958069
5.10096549988
5.24306297302
5.37395477295
5.17797470093
5.23996353149
5.21397590637
5.12194633484
5.32412528992
5.58519363403
5.22398948669
5.21302223206
5.49006462097
5.15604019165
5.61499595642
5.16891479492
5.15913963318
5.51700592041
5.13792037964
5.42593002319
5.12909889221
5.53202629089
5.12409210205
5.15794754028
5.15389442444
5.25808334351
5.87511062622
5.15508651733
5.19514083862
5.70607185364
5.78999519348
5.16200065613
5.2330493927
5.69915771484
5.20896911621
5.32913208008
5.13195991516
5.8319568634
5.42378425598
5.11789321899
5.15007972717
5.64885139465
5.34105300903
5.11598587036
5.15198707581
5.33294677734
5.10692596436
5.206823349
5.28979301453
5.1121711731
5.16319274902
5.18298149109
5.15913963318
5.28907775879
5.14698028564
5.74493408203
5.19204139709
5.20992279053
5.53178787231
5.14602661133
5.26690483093
5.19108772278
5.18798828125
5.13410568237
5.17010688782
5.20086288452
5.13911247253
5.29813766479
5.10287284851
5.19895553589
9.31906700134
5.17201423645
5.15389442444
5.16104698181
5.18918037415
5.31601905823
5.25307655334
5.64908981323
5.2330493927
5.14602661133
5.21492958069
5.76305389404
5.12719154358
5.77187538147
5.29885292053
5.22112846375
5.28287887573
5.64885139465
5.34987449646
5.25903701782
5.16295433044
8.6088180542
5.16700744629
5.97500801086
5.12099266052
5.15413284302
5.14101982117
5.17392158508
5.18012046814
5.14507293701
5.23900985718
5.74493408203
6.05797767639
5.36489486694
5.23209571838
5.17010688782
5.15508651733
5.11908531189
5.15985488892
5.10311126709
5.18798828125
5.17296791077
5.1281452179
5.60903549194
5.11288642883
5.30600547791
5.20014762878
5.22708892822
5.20610809326
5.1748752594
5.24210929871
5.13601303101
5.27811050415
5.20205497742
5.72109222412
5.69486618042
5.36918640137
5.18918037415
5.44095039368
5.18488883972
5.27215003967
6.64091110229
5.15818595886
5.20801544189
5.49507141113
6.05487823486
5.40804862976
5.15604019165
5.31387329102
5.24210929871
5.24497032166
5.22994995117
5.27381896973
5.15198707581
5.11193275452
5.28001785278
5.85794448853
5.45310974121
5.26905059814
5.77902793884
5.20706176758
5.24210929871
5.18298149109
5.9449672699
5.34796714783
5.61690330505
5.54180145264
5.12599945068
5.85508346558
6.06489181519
5.30815124512
8.39996337891
5.26809692383
5.15794754028
5.12194633484
5.12218475342
5.70917129517
5.19990921021
5.27191162109
5.35297393799
5.11288642883
5.27215003967
5.17916679382
5.39302825928
5.27906417847
5.13410568237
5.30481338501
5.21898269653
5.2649974823
8.90493392944
5.34391403198
5.18608093262
5.54490089417
5.11002540588
5.26809692383
5.27596473694
5.13291358948
5.14912605286
5.12218475342
5.18298149109
5.17582893372
5.16200065613
5.2490234375
5.19895553589
5.78689575195
5.215883255
5.10692596436
5.6619644165
5.31697273254
5.14507293701
5.12981414795
5.13005256653
5.25498390198
5.11002540588
5.50699234009
5.42020797729
6.1149597168
5.18488883972
5.10001182556
5.12409210205
5.23996353149
5.15794754028
5.32484054565
5.16295433044
5.15413284302
5.68318367004
5.88202476501
5.59282302856
5.19490242004
5.55300712585
5.20396232605
5.23781776428
5.14888763428
5.18298149109
5.19895553589
5.21397590637
5.72609901428
5.13005256653
5.15198707581
7.38286972046
5.21898269653
5.1429271698
5.14912605286
5.21206855774
5.14316558838
5.1441192627
5.53202629089
5.13505935669
5.12003898621
5.17988204956
5.50699234009
5.29098510742
5.29193878174
5.85603713989
5.77306747437
5.61809539795
5.98096847534
5.13601303101
5.33199310303
5.28693199158
5.59401512146
5.11193275452
5.21516799927
5.20396232605
5.18107414246
5.11884689331
5.29718399048
5.11598587036
5.16510009766
5.12504577637
5.88393211365
5.13100624084
5.23400306702
5.24806976318
6.23106956482
5.27715682983
5.22112846375
5.15794754028
5.33485412598
5.20992279053
5.21612167358
5.28001785278
5.18107414246
5.74493408203
5.37610054016
5.20706176758
5.38802146912
5.46598434448
5.27501106262
5.12886047363
5.18417358398
5.21397590637
5.24282455444
5.53202629089
5.34296035767
5.24282455444
5.42497634888
5.25712966919
6.07395172119
11.314868927
5.56802749634
6.2940120697
5.90300559998
5.31888008118
5.31315803528
5.52606582642
5.37419319153
5.14197349548
5.37204742432
5.4829120636
5.18202781677
5.35297393799
5.1908493042
5.40089607239
5.21898269653
5.43808937073
5.30290603638
5.82098960876
5.22613525391
5.62405586243
7.14087486267
5.46383857727
5.70607185364
5.47122955322
5.29193878174
5.28383255005
5.68795204163
5.27119636536
5.77282905579
5.23710250854
5.31101226807
5.1600933075
5.77282905579
5.58805465698
5.21111488342
5.12099266052
5.17988204956
5.14101982117
5.24711608887
5.1109790802
5.07712364197
5.30099868774
5.09977340698
5.13195991516
5.15389442444
5.78999519348
5.1691532135
5.19418716431
5.20300865173
5.1441192627
5.1429271698
5.7201385498
6.30402565002
5.30290603638
6.19196891785
5.22899627686
5.22089004517
5.92398643494
5.21206855774
5.89299201965
5.30815124512
5.32293319702
7.14492797852
8.26978683472
5.49602508545
5.21993637085
5.17797470093
5.24711608887
9.32598114014
5.39779663086
5.42879104614
5.27095794678
5.27596473694
5.78594207764
5.30886650085
5.695104599
6.80708885193
8.54516029358
5.22089004517
5.39588928223
5.18202781677
5.36108016968
5.3699016571
5.39517402649
5.1097869873
5.47409057617
5.8000087738
5.20586967468
5.96594810486
5.32388687134
5.43618202209
9.01412963867
5.31482696533
5.11789321899
5.53894042969
5.34796714783
5.09691238403
5.28693199158
5.36799430847
5.50603866577
5.16390800476
5.13195991516
5.29813766479
5.11002540588
5.60092926025
5.18894195557
5.24592399597
5.11908531189
5.15604019165
5.37896156311
5.44714927673
5.30791282654
5.53297996521
5.18488883972
5.42593002319
5.37896156311
5.10096549988
5.21898269653
5.15198707581
5.17892837524
5.33485412598
5.54299354553
5.13815879822
5.15007972717
5.16891479492
5.12790679932
5.15389442444
5.26213645935
5.69486618042
5.19609451294
5.49793243408
5.46908378601
5.28502464294
5.18798828125
5.16295433044
5.93185424805
5.12790679932
5.21802902222
5.15818595886
5.13100624084
5.60879707336
6.21700286865
5.87010383606
5.47885894775
5.6688785553
5.12409210205
5.25903701782
5.3699016571
5.21421432495
5.24592399597
5.9130191803
5.44810295105
5.5410861969
5.44500350952
5.18488883972
5.14316558838
5.17988204956
5.52105903625
5.45883178711
5.41186332703
5.16986846924
5.63907623291
5.59306144714
5.18202781677
5.31101226807
5.31601905823
5.31005859375
5.42783737183
5.28311729431
5.40709495544
5.39803504944
5.11503219604
5.25403022766
5.82504272461
5.15699386597
5.33103942871
5.46216964722
5.67293167114
5.42616844177
5.11121749878
5.77116012573
5.18202781677
6.3169002533
5.46503067017
7.15017318726
6.6819190979
5.73706626892
5.54704666138
5.23281097412
5.48601150513
5.30385971069
5.39112091064
5.43212890625
5.31697273254
5.48315048218
5.40089607239
5.76186180115
5.36608695984
5.34009933472
5.87010383606
5.33604621887
5.17678260803
5.16605377197
5.38897514343
5.18417358398
5.51891326904
5.51986694336
5.22994995117
5.43093681335
5.126953125
5.12886047363
5.18798828125
5.11813163757
5.12599945068
5.26404380798
5.21802902222
5.39398193359
5.21802902222
5.20014762878
5.14698028564
5.34892082214
5.13195991516
6.10995292664
5.35702705383
5.75995445251
5.18894195557
5.36203384399
5.10692596436
5.59902191162
5.17797470093
5.21993637085
5.11503219604
5.16510009766
5.53607940674
5.46503067017
5.97882270813
5.57708740234
5.25403022766
5.13195991516
5.25712966919
5.31196594238
5.79810142517
5.2318572998
5.22994995117
5.35798072815
5.17201423645
5.126953125
5.33413887024
5.80811500549
5.14483451843
5.11407852173
5.23114204407
5.27501106262
5.22494316101
5.21612167358
5.34391403198
5.18178939819
5.28788566589
5.68389892578
5.28597831726
5.48100471497
5.16319274902
5.74088096619
5.18417358398
5.11503219604
5.15699386597
5.57804107666
5.42283058167
6.06179237366
5.14793395996
5.27906417847
5.22994995117
5.14817237854
5.13386726379
5.18202781677
5.13195991516
5.11312484741
5.16510009766
5.15794754028
5.19609451294
5.17892837524
5.10787963867
5.14006614685
5.29098510742
5.18798828125
5.26714324951
5.22112846375
5.67197799683
5.24997711182
5.19895553589
5.3379535675
5.1281452179
5.27620315552
5.16796112061
5.14578819275
5.24616241455
5.45811653137
5.71298599243
5.75089454651
5.79905509949
5.25808334351
5.22303581238
5.74707984924
5.42211532593
5.22017478943
5.34892082214
5.12886047363
5.17797470093
5.13386726379
5.54513931274
5.21612167358
5.39493560791
5.3379535675
5.22685050964
5.87201118469
5.4030418396
10.9050273895
8.4490776062
7.3070526123
5.95903396606
5.35798072815
5.26094436646
5.53107261658
6.33597373962
5.63216209412
5.6619644165
5.58805465698
5.35106658936
5.24091720581
5.4030418396
7.29298591614
7.76886940002
5.34987449646
5.09691238403
5.19299507141
5.36704063416
5.54704666138
5.19800186157
5.20181655884
5.32603263855
5.47480583191
5.48887252808
