80.7540416718
74.7969150543
163.386821747
99.9319553375
72.0191001892
71.8760490417
69.9548721313
70.1789855957
71.7689990997
70.198059082
72.3278522491
76.4598846436
70.8220005035
73.3869075775
70.7259178162
72.4542140961
72.6780891418
124.58896637
72.5228786469
76.1151313782
70.620059967
75.0501155853
120.906114578
121.011972427
74.1488933563
71.8741416931
85.5119228363
69.8349475861
73.2898712158
75.9851932526
73.8570690155
70.2459812164
69.7629451752
71.0341930389
75.3750801086
71.2759494781
70.0528621674
70.8680152893
70.8720684052
73.8098621368
72.8669166565
69.8301792145
70.9550380707
73.194026947
77.1629810333
71.583032608
73.2588768005
74.5210647583
71.5260505676
74.1109848022
73.8451480865
73.4930038452
73.657989502
72.3650455475
79.1537761688
89.1602039337
88.9039039612
77.8970718384
76.2460231781
118.599176407
117.707014084
71.0008144379
74.7430324554
76.9882202148
71.6400146484
75.2720832825
73.1418132782
84.6881866455
99.6260643005
96.1360931396
74.1100311279
77.3358345032
70.7130432129
81.5210342407
79.5359611511
73.6770629883
120.042085648
97.7399349213
91.8121337891
73.6360549927
73.2471942902
73.0609893799
77.791929245
83.0638408661
71.0489749908
72.6699829102
75.0889778137
73.2078552246
71.9120502472
72.1528530121
76.3409137726
79.7350406647
73.6961364746
73.6479759216
84.9950313568
73.1580257416
70.4710483551
70.4979896545
70.0762271881
72.163105011
70.1749324799
74.6500492096
69.935798645
70.1651573181
69.7059631348
71.0489749908
74.5928287506
70.5831050873
69.9799060822
70.3101158142
70.6248283386
74.1729736328
69.8499679565
69.4799423218
76.3530731201
70.7790851593
73.714017868
70.5170631409
69.5221424103
74.6190547943
71.7978477478
73.6391544342
69.5321559906
70.611000061
72.1130371094
72.4339485168
74.6560096741
81.5119743347
70.2800750732
82.7071666718
89.5259380341
90.7690525055
98.2508659363
80.7659626007
69.4668292999
78.8869857788
70.298910141
84.6312046051
70.2171325684
75.670003891
71.0477828979
83.920955658
71.5138912201
75.5341053009
89.3092155457
79.3120861053
79.9829959869
80.5308818817
126.509189606
107.929944992
73.0540752411
72.420835495
74.5890140533
73.2300281525
70.4350471497
70.8291530609
71.4650154114
78.1900882721
94.1450595856
72.5049972534
83.7588310242
69.0581798553
71.6941356659
73.9810466766
71.8588829041
77.6679515839
70.7821846008
76.0629177094
72.2861289978
73.2569694519
84.5291614532
70.9590911865
85.6058597565
85.1399898529
80.4929733276
69.4141387939
78.3660411835
74.7909545898
74.5408535004
73.7428665161
73.0421543121
76.8849849701
76.2939453125
76.5290260315
70.3699588776
73.3289718628
77.2378444672
73.8039016724
82.3080539703
77.9900550842
113.462924957
109.36498642
121.678113937
99.9209880829
81.0840129852
84.1407775879
93.9621925354
79.3519020081
72.5259780884
70.2660083771
71.5959072113
98.5288619995
102.890968323
113.843917847
116.163015366
82.4809074402
127.990007401
81.9239616394
83.1739902496
73.4488964081
102.548837662
89.0491008759
76.2610435486
77.1741867065
75.1650333405
76.8749713898
73.9290714264
78.0560970306
77.2540569305
71.6860294342
71.2358951569
75.2689838409
73.7280845642
82.4131965637
79.1020393372
75.5121707916
74.0630626678
72.662115097
74.7299194336
81.2289714813
72.273015976
81.4011096954
73.4610557556
75.1609802246
74.3680000305
75.5710601807
73.1999874115
77.868938446
70.4312324524
71.8548297882
72.8991031647
72.9069709778
77.9399871826
72.3910331726
73.5459327698
73.5199451447
70.5399513245
73.7829208374
72.7460384369
72.7860927582
73.4341144562
74.4199752808
71.7058181763
73.263168335
72.4740028381
77.544927597
100.239992142
118.899106979
111.363172531
81.0539722443
102.363824844
112.371921539
163.467884064
140.439987183
144.800186157
72.8380680084
76.0490894318
73.8370418549
74.3877887726
73.4751224518
77.6660442352
79.9739360809
106.327056885
108.0930233
120.416879654
88.4230136871
72.8108882904
112.231969833
109.046936035
71.6998577118
110.110998154
100.714921951
89.0829563141
150.779008865
82.1189880371
88.0010128021
143.203020096
93.4348106384
119.530916214
131.114006042
79.0948867798
103.657007217
72.6699829102
92.029094696
74.8372077942
91.8338298798
72.6511478424
83.1229686737
125.839948654
73.7960338593
76.2808322906
71.1739063263
98.1380939484
72.7880001068
80.8501243591
109.477996826
94.4390296936
76.0090351105
78.3269405365
99.348783493
74.383020401
76.2650966644
73.5430717468
73.7390518188
78.7169933319
72.1609592438
99.2028713226
73.8878250122
103.236913681
90.479850769
75.8340358734
73.9891529083
85.9498977661
75.5290985107
79.8749923706
75.1798152924
75.2120018005
114.362001419
72.8738307953
93.9338207245
80.9860229492
76.2610435486
76.4651298523
81.3460350037
83.7950706482
72.2959041595
86.6508483887
76.2460231781
72.273015976
71.8779563904
73.6660957336
81.741809845
70.6238746643
76.2951374054
82.1030139923
74.010848999
83.4119319916
72.830915451
85.5150222778
95.4651832581
88.0391597748
89.3568992615
76.6978263855
70.9431171417
84.018945694
73.7659931183
70.0991153717
77.5020122528
86.0989093781
73.429107666
86.7030620575
84.2299461365
73.0319023132
73.1449127197
93.4319496155
77.0590305328
79.8900127411
117.654085159
81.4990997314
75.3180980682
100.857019424
85.7419967651
72.1578598022
72.4642276764
73.3079910278
85.5720043182
73.8861560822
96.0218906403
73.4488964081
73.8639831543
82.4460983276
75.5980014801
72.4818706512
88.1419181824
91.9728279114
74.2630958557
80.696105957
78.8249969482
69.9129104614
77.0590305328
96.6031551361
76.6561031342
74.8541355133
74.2728710175
73.9629268646
74.7089385986
70.1868534088
70.4891681671
76.2720108032
72.5100040436
71.4340209961
71.2070465088
72.4360942841
80.1560878754
72.1518993378
77.9020786285
87.8450870514
69.9908733368
78.7980556488
86.2910747528
77.4829387665
75.5231380463
78.5648822784
92.3669338226
71.7530250549
79.1921615601
82.2188854218
74.3770599365
78.0160427094
87.9600048065
72.1879005432
75.5741596222
86.1649513245
78.5121917725
73.0891227722
80.1320075989
80.5149078369
72.1762180328
72.0460414886
76.6139030457
77.1551132202
88.7470245361
74.3789672852
79.9729824066
91.8588638306
105.698823929
76.4529705048
74.254989624
82.2739601135
72.5898742676
76.7710208893
96.4910984039
73.2421875
106.468915939
72.7050304413
95.0398445129
124.036073685
86.6618156433
76.1239528656
71.4130401611
84.6650600433
74.9590396881
77.6920318604
72.674036026
72.6330280304
72.4790096283
71.4108943939
71.3579654694
71.0139274597
91.3438796997
72.6778507233
74.7101306915
72.7550983429
73.2109546661
73.0619430542
71.6578960419
76.8210887909
73.695898056
83.2159519196
76.4780044556
84.7480297089
83.2259654999
78.2029628754
73.1861591339
75.8409500122
84.5229625702
70.6698894501
70.338010788
70.7309246063
70.3539848328
72.6299285889
70.9810256958
71.2020397186
70.3430175781
71.0289478302
70.4040527344
73.4930038452
70.1239109039
70.3439712524
70.5389976501
70.35779953
74.2218494415
71.0558891296
69.7951316833
71.2292194366
70.8630084991
73.3919143677
74.0640163422
70.0731277466
89.8499488831
90.0709629059
70.9011554718
84.5899581909
69.8029994965
76.6680240631
114.905118942
75.7880210876
73.0149745941
71.2661743164
70.7669258118
70.7402229309
70.1050758362
69.5829391479
72.046995163
71.5279579163
80.5051326752
124.495029449
79.9207687378
82.3380947113
120.939970016
96.4150428772
90.4169082642
83.0681324005
117.95091629
114.665031433
97.3389148712
69.7169303894
88.2999897003
72.5021362305
81.9571018219
135.374069214
82.123041153
74.9838352203
101.814985275
89.3421173096
72.2708702087
90.1889801025
92.0541286469
71.1581707001
102.523803711
71.5711116791
75.355052948
69.5359706879
72.674036026
69.5118904114
89.0758037567
75.9701728821
74.6738910675
79.1118144989
70.946931839
77.2428512573
82.7991962433
70.436000824
74.9762058258
77.1090984344
70.760011673
70.4460144043
75.9379863739
122.833013535
96.7991352081
70.8620548248
70.8920955658
71.1491107941
71.1328983307
71.1691379547
69.9961185455
70.3339576721
77.4190425873
70.9500312805
74.431180954
82.0510387421
117.545127869
131.250858307
75.4108428955
73.3020305634
74.6560096741
73.4300613403
72.986125946
86.9491100311
97.2650051117
86.2309932709
71.8040466309
72.0551013947
72.6120471954
76.5850543976
73.9049911499
106.307983398
86.2889289856
70.5201625824
72.2301006317
73.5011100769
70.6131458282
76.2469768524
70.9030628204
69.2698955536
70.750951767
71.1421966553
72.5810527802
79.5769691467
77.1908760071
79.4901847839
71.4938640594
69.9729919434
69.7491168976
68.7198638916
70.1251029968
69.5209503174
72.7190971375
74.9959945679
73.6300945282
75.8020877838
73.6560821533
72.2169876099
71.5179443359
69.9989795685
70.8920955658
70.4119205475
69.8041915894
70.9199905396
70.6269741058
70.7471370697
71.6400146484
73.254108429
73.3761787415
72.4699497223
70.4078674316
70.8417892456
71.5909004211
74.3029117584
72.5519657135
72.0407962799
73.7228393555
73.9500522614
75.4389762878
69.7710514069
73.4150409698
71.722984314
73.9059448242
69.9000358582
71.6400146484
70.5478191376
70.6210136414
73.0299949646
71.7108249664
70.5599784851
71.1770057678
69.9818134308
71.3741779327
69.3259239197
71.0089206696
71.2320804596
69.8020458221
70.1470375061
70.662021637
71.0530281067
71.170091629
72.046995163
74.7389793396
75.227022171
72.2160339355
74.560880661
77.3391723633
76.847076416
77.3510932922
73.3439922333
69.6470737457
70.8739757538
71.1209774017
72.5841522217
71.4559555054
72.6721286774
71.5098381042
70.4629421234
72.6408958435
71.9799995422
71.0880756378
70.8291530609
72.870016098
69.7791576385
69.6940422058
70.9731578827
70.631980896
71.3260173798
70.396900177
70.1069831848
69.748878479
70.4338550568
70.1711177826
70.741891861
70.2250003815
70.3089237213
70.2049732208
71.5458393097
70.0070858002
70.5008506775
71.7771053314
70.2760219574
70.0800418854
75.1729011536
70.9989070892
71.4259147644
70.7900524139
70.3320503235
73.2069015503
79.3581008911
71.7508792877
69.9939727783
71.2478160858
72.7989673615
72.4101066589
70.3580379486
70.2669620514
69.953918457
72.5481510162
72.0639228821
71.0561275482
69.8518753052
70.3539848328
70.9910392761
71.056842804
69.1330432892
74.2151737213
74.9659538269
73.5170841217
84.3169689178
77.1150588989
72.457075119
74.9609470367
73.9090442657
73.5609531403
77.8601169586
78.2630443573
74.874162674
73.714017868
74.1379261017
89.7269248962
120.739936829
103.104829788
84.9721431732
70.485830307
71.7389583588
72.5979804993
77.497959137
83.4720134735
79.0579319
71.5448856354
74.6200084686
75.7100582123
80.629825592
76.3130187988
74.7120380402
74.2168426514
72.5340843201
73.8739967346
75.9530067444
73.4469890594
123.549222946
94.5661067963
73.6639499664
73.8689899445
70.9130764008
71.1419582367
70.9178447723
70.3608989716
71.5608596802
101.911067963
73.2038021088
70.7049369812
79.3390274048
74.4779109955
71.4781284332
71.2859630585
74.3391513824
70.6431865692
73.9748477936
72.7019309998
71.4340209961
70.8909034729
72.695016861
72.9279518127
70.937871933
75.9100914001
79.7262191772
78.7148475647
74.6839046478
78.7711143494
87.7809524536
87.8388881683
123.929977417
122.4629879
72.1518993378
76.2078762054
71.1960792542
76.8980979919
78.1569480896
75.7219791412
76.4617919922
74.3541717529
74.5539665222
75.3390789032
73.7450122833
74.6641159058
73.725938797
73.6100673676
116.295099258
90.0640487671
74.7120380402
73.7409591675
78.8798332214
78.9260864258
69.6969032288
73.0879306793
71.0310935974
78.9530277252
70.1370239258
71.6938972473
70.7039833069
70.6851482391
70.6839561462
72.5088119507
70.6329345703
71.986913681
70.4219341278
70.296049118
71.5889930725
73.7009048462
73.0078220367
70.5099105835
70.1711177826
72.3261833191
71.9821453094
71.1081027985
71.6769695282
70.8169937134
71.0580348969
72.4289417267
81.5489292145
73.8179683685
71.8929767609
73.8089084625
70.7261562347
72.007894516
71.9590187073
72.9489326477
74.4349956512
71.9079971313
71.1100101471
69.981098175
72.04413414
73.2479095459
73.5609531403
72.643995285
72.6819038391
71.0160732269
73.7290382385
70.4629421234
70.3949928284
71.1100101471
71.3279247284
75.1140117645
71.9659328461
72.9811191559
73.2409954071
70.7130432129
71.7248916626
71.2869167328
70.965051651
71.662902832
78.7959098816
73.6651420593
71.9900131226
72.9110240936
73.3609199524
77.3000717163
73.343038559
74.404001236
75.9057998657
73.1790065765
72.4439620972
75.1299858093
75.0150680542
77.1198272705
72.8859901428
72.6470947266
71.4240074158
73.5020637512
76.0889053345
85.5779647827
75.3769874573
72.0548629761
72.6461410522
71.3160037994
72.1850395203
71.9990730286
72.1969604492
71.1870193481
76.9720077515
72.4840164185
72.1478462219
75.1140117645
81.2430381775
75.5460262299
72.860956192
79.717874527
76.2689113617
86.5631103516
143.279075623
81.2408924103
71.4950561523
74.1691589355
70.0898170471
71.4299678802
70.750951767
72.1740722656
70.4419612885
72.2198486328
72.2169876099
72.0281600952
70.9631443024
72.233915329
69.9269771576
74.6750831604
69.6818828583
70.2559947968
70.2059268951
70.1189041138
77.8181552887
72.6330280304
71.9828605652
70.2159404755
70.3580379486
71.7489719391
69.6251392365
70.5409049988
71.0389614105
69.6318149567
72.1089839935
70.7850456238
71.2978839874
71.0170269012
71.2778568268
71.949005127
72.2460746765
71.1538791656
70.7161426544
71.2270736694
71.5689659119
70.1529979706
70.3711509705
69.8308944702
71.3839530945
71.5918540955
70.916891098
70.5840587616
71.6879367828
71.9788074493
71.5730190277
70.0421333313
70.0051784515
70.9798336029
70.8220005035
70.4870223999
71.4249610901
70.7309246063
70.6870555878
70.995092392
70.4140663147
70.0850486755
69.5850849152
70.2290534973
70.042848587
71.6910362244
69.9510574341
71.634054184
69.1590309143
70.0261592865
70.4951286316
70.8317756653
71.9630718231
70.8849430084
72.1969604492
72.9851722717
70.4340934753
70.4851150513
69.4870948792
71.240901947
75.4129886627
69.9739456177
71.1760520935
70.7809925079
70.9710121155
71.1698532104
70.1968669891
72.7379322052
73.9347934723
73.9829540253
73.7221240997
75.8361816406
77.2089958191
75.3400325775
