0.0
0.0
0.5011558532714844
0.0
0.0
0.0
0.0
0.0
0.0
0.0
0.0
0.0
0.0
0.0
0.0
0.0
0.0
0.0
0.0
0.0
0.0
0.0
1.0027885437011719
0.0
1.0027885437011719
0.5016326904296875
0.0
0.0
0.0
1.0025501251220703
0.0
0.5011558532714844
1.0025501251220703
0.0
0.0
0.0
1.0030269622802734
1.003265380859375
0.0
0.5011558532714844
0.5016326904296875
0.0
0.0
0.0
1.0027885437011719
0.0
1.0025501251220703
1.0025501251220703
1.0025501251220703
0.0
1.0025501251220703
1.0025501251220703
0.0
0.5016326904296875
1.003265380859375
0.0
1.0027885437011719
1.0025501251220703
1.0025501251220703
1.0023117065429688
0.0
0.5011558532714844
0.0
1.0027885437011719
0.0
0.0
1.0025501251220703
1.0025501251220703
1.0027885437011719
0.0
0.0
1.0027885437011719
1.0027885437011719
1.0027885437011719
0.0
1.0035037994384766
1.0025501251220703
1.0025501251220703
1.0025501251220703
1.0027885437011719
0.0
1.0025501251220703
1.003265380859375
0.0
1.0027885437011719
1.0027885437011719
1.0025501251220703
1.0037422180175781
1.0023117065429688
0.5011558532714844
1.0025501251220703
1.0025501251220703
1.0027885437011719
1.0025501251220703
0.0
1.0027885437011719
1.0030269622802734
1.0027885437011719
1.0023117065429688
1.0027885437011719
