0.0
0.0
0.0
0.5011558532714844
0.0
1.0027885437011719
1.0030269622802734
0.0
1.0025501251220703
1.0023117065429688
1.5041828155517578
1.0030269622802734
1.0027885437011719
2.005338668823242
2.0051002502441406
1.5053749084472656
2.0055770874023438
2.005338668823242
2.005338668823242
2.0055770874023438
2.004861831665039
2.0055770874023438
3.0078887939453125
2.0051002502441406
2.005338668823242
3.0078887939453125
3.0078887939453125
3.0090808868408203
3.008127212524414
4.010677337646484
4.010438919067383
4.010677337646484
4.010677337646484
3.5102367401123047
4.010677337646484
5.013227462768555
4.010677337646484
4.010677337646484
5.012989044189453
4.010677337646484
5.013227462768555
5.013465881347656
5.013465881347656
5.013465881347656
6.016016006469727
5.013227462768555
6.016254425048828
5.013227462768555
5.013227462768555
6.016016006469727
6.017208099365234
5.013465881347656
7.018804550170898
6.016016006469727
6.015777587890625
7.018327713012695
6.016016006469727
7.018804550170898
7.01904296875
6.015539169311523
6.016016006469727
7.018804550170898
8.021354675292969
8.021354675292969
8.021354675292969
8.021354675292969
7.519721984863281
8.021354675292969
8.021354675292969
8.021354675292969
8.021354675292969
8.02159309387207
9.024381637573242
9.02414321899414
8.523941040039062
8.522510528564453
9.023904800415039
9.025096893310547
9.024381637573242
10.026693344116211
10.026693344116211
10.026693344116211
11.531829833984375
10.026693344116211
10.02645492553711
9.023904800415039
10.026693344116211
10.529279708862305
11.03067398071289
11.029243469238281
10.026693344116211
10.026931762695312
11.029243469238281
14.037370681762695
13.035774230957031
12.032032012939453
12.032032012939453
14.037370681762695
11.030435562133789
14.037609100341797
