0.0
0.0
0.0
0.5013942718505859
0.0
0.0
1.0027885437011719
1.0030269622802734
0.0
1.0027885437011719
1.0025501251220703
1.0027885437011719
1.0025501251220703
1.0027885437011719
1.0030269622802734
1.0030269622802734
1.0025501251220703
1.0030269622802734
2.005338668823242
1.0030269622802734
1.5041828155517578
1.5039443969726562
2.005338668823242
1.003265380859375
2.0051002502441406
2.005338668823242
2.005338668823242
3.0078887939453125
2.5076866149902344
2.005338668823242
3.007650375366211
3.008127212524414
2.5081634521484375
3.008127212524414
3.008127212524414
3.008127212524414
3.0078887939453125
3.0078887939453125
4.010915756225586
3.510713577270508
3.008127212524414
3.008127212524414
3.0083656311035156
4.010677337646484
4.010438919067383
4.010677337646484
4.010677337646484
4.010438919067383
4.010677337646484
5.013227462768555
5.012989044189453
4.010677337646484
4.010915756225586
5.013465881347656
5.01251220703125
5.516290664672852
4.512310028076172
7.018566131591797
4.010677337646484
5.013227462768555
5.013465881347656
5.013465881347656
5.012989044189453
5.013465881347656
5.013465881347656
6.015539169311523
5.013227462768555
6.016016006469727
6.016254425048828
5.013227462768555
6.016016006469727
6.016016006469727
6.016016006469727
6.017446517944336
6.016016006469727
5.515098571777344
6.016254425048828
6.016254425048828
7.018804550170898
6.5174102783203125
6.517648696899414
6.517171859741211
7.018804550170898
7.018566131591797
8.021354675292969
8.021354675292969
7.018804550170898
10.026931762695312
8.021831512451172
8.021354675292969
7.018804550170898
8.02159309387207
8.02159309387207
8.021831512451172
11.02900505065918
8.021354675292969
8.022308349609375
8.022785186767578
8.021354675292969
8.021354675292969
