0.0209808349609
0.0238418579102
0.0350475311279
0.0278949737549
0.0300407409668
0.0290870666504
0.0221729278564
0.0450611114502
0.0290870666504
0.0269412994385
0.0290870666504
0.0290870666504
0.0209808349609
0.0219345092773
0.0300407409668
0.0219345092773
0.0259876251221
0.0259876251221
0.0250339508057
0.0290870666504
0.0250339508057
0.0340938568115
0.0290870666504
0.032901763916
0.0319480895996
0.0278949737549
0.0360012054443
0.0309944152832
0.032901763916
0.0350475311279
0.0360012054443
0.0371932983398
0.0300407409668
0.0340938568115
0.0309944152832
0.0350475311279
0.0319480895996
0.0381469726562
0.032901763916
0.0400543212891
0.0371932983398
0.0581741333008
0.0350475311279
0.0381469726562
0.032901763916
0.0350475311279
0.0360012054443
0.0400543212891
0.0369548797607
0.0829696655273
0.0419616699219
0.0388622283936
0.0360012054443
0.0379085540771
0.0369548797607
0.0369548797607
0.046968460083
0.0338554382324
0.0419616699219
0.0388622283936
0.0431537628174
0.0388622283936
0.0407695770264
0.0488758087158
0.237941741943
0.0500679016113
0.0600814819336
0.0739097595215
0.0729560852051
0.0448226928711
0.0410079956055
0.0391006469727
0.0739097595215
0.0381469726562
0.0438690185547
0.0379085540771
0.0429153442383
0.0429153442383
0.0431537628174
0.0419616699219
0.0448226928711
0.0519752502441
0.0481605529785
0.0870227813721
0.0472068786621
0.0560283660889
0.0488758087158
0.0450611114502
0.0460147857666
0.0450611114502
0.0450611114502
0.0460147857666
0.0479221343994
0.046968460083
0.0450611114502
0.0472068786621
0.0438690185547
0.0479221343994
0.0481605529785
0.046968460083
0.0529289245605
0.0510215759277
0.0519752502441
0.0500679016113
0.0481605529785
0.0488758087158
0.0460147857666
0.0479221343994
0.0510215759277
0.0531673431396
0.053882598877
0.0498294830322
0.0548362731934
0.0498294830322
0.0498294830322
0.0550746917725
0.0579357147217
0.0488758087158
0.0522136688232
0.053882598877
0.0560283660889
0.0669956207275
0.0529289245605
0.0510215759277
0.0569820404053
0.0560283660889
0.0569820404053
0.0541210174561
0.0569820404053
0.0569820404053
0.0550746917725
0.0581741333008
0.0569820404053
0.0579357147217
0.0598430633545
0.0560283660889
0.108003616333
0.0991821289062
0.0560283660889
0.0591278076172
0.0689029693604
0.0579357147217
0.06103515625
0.06103515625
0.0631809234619
0.0629425048828
0.0650882720947
0.0619888305664
0.0588893890381
0.0579357147217
0.0660419464111
0.0619888305664
0.0560283660889
0.06103515625
0.0619888305664
0.06103515625
0.0619888305664
0.0588893890381
0.0631809234619
0.0629425048828
0.0629425048828
0.0629425048828
0.0710487365723
0.0641345977783
0.0588893890381
0.0720024108887
0.0691413879395
0.0650882720947
0.0638961791992
0.0638961791992
0.0669956207275
0.0650882720947
0.0650882720947
0.0660419464111
0.0650882720947
0.0691413879395
0.108003616333
0.0720024108887
0.0679492950439
0.0691413879395
0.075101852417
0.0689029693604
0.0700950622559
0.0698566436768
0.0691413879395
0.0810623168945
0.0729560852051
0.079870223999
0.110864639282
0.174999237061
0.130176544189
0.121116638184
0.0829696655273
0.0669956207275
0.0760555267334
0.127077102661
0.0808238983154
0.0760555267334
0.0729560852051
0.0948905944824
0.075101852417
0.142097473145
0.210046768188
0.0810623168945
0.0979900360107
0.075101852417
0.0770092010498
0.0739097595215
0.0829696655273
0.0741481781006
0.0729560852051
0.0829696655273
0.0779628753662
0.0789165496826
0.0779628753662
0.0760555267334
0.0801086425781
0.0758171081543
0.0729560852051
0.0801086425781
0.0779628753662
0.0770092010498
0.0801086425781
0.0851154327393
0.0839233398438
0.0829696655273
0.0870227813721
0.0841617584229
0.0829696655273
0.0820159912109
0.0789165496826
0.0810623168945
0.0889301300049
0.0848770141602
0.0920295715332
0.0820159912109
0.0829696655273
0.0929832458496
0.0879764556885
0.0832080841064
0.0879764556885
0.0920295715332
0.0860691070557
0.089168548584
0.089168548584
0.0951290130615
0.125169754028
0.0920295715332
0.0920295715332
0.108003616333
0.0848770141602
0.0948905944824
0.0920295715332
0.0879764556885
0.0929832458496
0.0889301300049
0.101089477539
0.165939331055
0.150918960571
0.0951290130615
0.153064727783
0.169038772583
0.0889301300049
0.0860691070557
0.0841617584229
0.0960826873779
0.1540184021
0.0920295715332
0.093936920166
0.0910758972168
0.089168548584
0.12993812561
0.152111053467
0.0898838043213
0.0920295715332
0.159025192261
0.103950500488
0.131845474243
0.293970108032
0.102043151855
0.100135803223
0.132083892822
0.162124633789
0.0929832458496
0.119924545288
0.0989437103271
0.0920295715332
0.102043151855
0.0998973846436
0.0998973846436
0.0929832458496
0.10085105896
0.105142593384
0.100135803223
0.10085105896
0.0932216644287
0.103950500488
0.0970363616943
0.0989437103271
0.107049942017
0.105142593384
0.105142593384
0.10085105896
0.102996826172
0.10085105896
0.102996826172
0.103950500488
0.0989437103271
0.102996826172
0.102043151855
0.0998973846436
0.102996826172
0.104904174805
0.102996826172
0.104188919067
0.104904174805
0.103950500488
0.101089477539
0.0991821289062
0.102043151855
0.112056732178
0.102996826172
0.109195709229
0.113010406494
0.102996826172
0.1060962677
0.205039978027
0.175952911377
0.111103057861
0.108003616333
0.101089477539
0.150918960571
0.108003616333
0.108957290649
0.110149383545
0.107049942017
0.108003616333
0.107049942017
0.108957290649
0.109195709229
0.108003616333
0.105142593384
0.19097328186
0.118970870972
0.109910964966
0.112056732178
0.108957290649
0.108957290649
0.110864639282
0.111818313599
0.113010406494
0.118017196655
0.109910964966
0.112056732178
0.119924545288
0.128984451294
0.107049942017
0.111103057861
0.113010406494
0.118970870972
0.13279914856
0.113010406494
0.124931335449
0.11682510376
0.117063522339
0.115871429443
0.113010406494
0.118017196655
0.111103057861
0.114917755127
0.113010406494
0.133991241455
0.113964080811
0.111103057861
0.112056732178
0.117063522339
0.120878219604
0.11420249939
0.117063522339
0.115871429443
0.118017196655
0.113964080811
0.118970870972
0.118017196655
0.1220703125
0.119924545288
0.123023986816
0.1220703125
0.121116638184
0.126123428345
0.121116638184
0.124931335449
0.121831893921
0.123023986816
0.123023986816
0.119924545288
0.126123428345
0.123977661133
0.124931335449
0.135183334351
0.1220703125
0.121116638184
0.1220703125
0.123977661133
0.127077102661
0.118970870972
0.128030776978
0.132083892822
0.128030776978
0.12993812561
0.123977661133
0.126838684082
0.127077102661
0.123023986816
0.125885009766
0.125885009766
0.128030776978
0.128030776978
0.123977661133
0.128030776978
0.128984451294
0.148057937622
0.124931335449
0.144004821777
0.1380443573
0.133991241455
0.154972076416
0.131130218506
0.133037567139
0.130891799927
0.132083892822
0.133037567139
0.136852264404
0.133991241455
0.138998031616
0.133991241455
0.136852264404
0.133991241455
0.133037567139
0.133037567139
0.130891799927
0.136137008667
0.155925750732
0.1540184021
0.133037567139
0.133991241455
0.133991241455
0.1380443573
0.133991241455
0.135183334351
0.136137008667
0.142812728882
0.141143798828
0.195026397705
0.133037567139
0.148057937622
0.138998031616
0.143051147461
0.133037567139
0.136137008667
0.133991241455
0.140905380249
0.138998031616
0.1380443573
0.137090682983
0.136137008667
0.135898590088
0.137090682983
0.141859054565
0.138998031616
0.138998031616
0.138998031616
0.139951705933
0.141143798828
0.148057937622
0.147104263306
0.140905380249
0.146150588989
0.139951705933
0.143051147461
0.147104263306
0.150203704834
0.144004821777
0.211954116821
0.150918960571
0.144958496094
0.145196914673
0.146150588989
0.143051147461
0.142097473145
0.149965286255
0.149011611938
0.144004821777
0.147104263306
0.144958496094
0.14591217041
0.149011611938
0.154972076416
0.149965286255
0.153064727783
0.153064727783
0.154972076416
0.1540184021
0.152826309204
0.25486946106
0.157833099365
0.157117843628
0.156879425049
0.149011611938
0.154972076416
0.154972076416
0.175952911377
0.180006027222
0.159025192261
0.159978866577
0.1540184021
0.158071517944
0.169992446899
0.191926956177
0.19907951355
0.272989273071
0.297069549561
0.159025192261
0.157117843628
0.159978866577
0.159978866577
0.169992446899
0.157117843628
0.151872634888
0.155925750732
0.155210494995
0.159025192261
0.221014022827
0.163078308105
0.164985656738
0.21505355835
0.164985656738
0.153064727783
0.159978866577
0.159025192261
0.260829925537
0.162124633789
0.273942947388
0.157117843628
0.159025192261
0.159025192261
0.159025192261
0.153779983521
0.16188621521
0.160932540894
0.157833099365
0.180006027222
0.163078308105
0.164031982422
0.162839889526
0.164985656738
0.160932540894
0.186920166016
0.16188621521
0.160932540894
0.160932540894
0.318050384521
0.161170959473
0.173091888428
0.173091888428
0.164031982422
0.180006027222
0.169038772583
0.164985656738
0.176906585693
0.167846679688
0.163078308105
0.174045562744
0.16713142395
0.165939331055
0.162124633789
0.166893005371
0.180006027222
0.171899795532
0.165939331055
0.170946121216
0.169992446899
0.168800354004
0.169992446899
0.165939331055
0.169992446899
0.198125839233
0.173091888428
0.169992446899
0.166893005371
0.169038772583
0.308036804199
0.183820724487
0.272035598755
0.176191329956
0.173091888428
0.170946121216
0.174045562744
0.174999237061
0.172138214111
0.174999237061
0.19097328186
0.170946121216
0.183820724487
0.17786026001
0.177145004272
0.174999237061
0.172853469849
0.180959701538
0.18310546875
0.175952911377
0.182867050171
0.173091888428
0.178098678589
0.177145004272
0.231981277466
0.180006027222
0.178098678589
0.179052352905
0.180006027222
0.182867050171
0.17786026001
0.175952911377
0.180006027222
0.184059143066
0.180006027222
0.181913375854
0.182867050171
0.185012817383
0.185966491699
0.180006027222
0.186920166016
0.208139419556
0.181913375854
0.184059143066
0.17786026001
0.18310546875
0.180006027222
0.328063964844
0.179052352905
0.207901000977
0.180006027222
0.185012817383
0.19097328186
0.184059143066
0.19097328186
0.18310546875
0.186920166016
0.180006027222
0.316858291626
0.186920166016
0.185012817383
0.201940536499
0.186920166016
0.187873840332
0.185012817383
0.191926956177
0.187158584595
0.186920166016
0.188827514648
0.191926956177
0.317096710205
0.187873840332
0.192165374756
0.19383430481
0.188827514648
0.280857086182
0.192165374756
0.192165374756
0.250101089478
0.194787979126
0.193119049072
0.189065933228
0.19097328186
0.37407875061
0.195026397705
0.195026397705
0.198125839233
0.192880630493
0.197172164917
0.187873840332
0.256061553955
0.194072723389
0.192880630493
0.192165374756
0.202894210815
0.193119049072
0.192880630493
0.195980072021
0.195980072021
0.200986862183
0.197172164917
0.194072723389
0.192880630493
0.196933746338
0.196933746338
0.202894210815
0.191926956177
0.195980072021
0.195026397705
0.196933746338
0.195980072021
0.197172164917
0.201940536499
0.200986862183
0.197887420654
0.196933746338
0.195980072021
0.200033187866
0.196933746338
0.202894210815
0.198125839233
0.200986862183
0.200986862183
0.198841094971
0.202178955078
0.222206115723
0.205993652344
0.370979309082
0.205039978027
0.205993652344
0.197887420654
0.204086303711
0.211000442505
0.203132629395
0.20694732666
0.204801559448
0.211954116821
0.22292137146
0.201940536499
0.205039978027
0.211954116821
0.236034393311
0.205993652344
0.209093093872
0.251054763794
0.204086303711
0.216007232666
0.203847885132
0.211000442505
0.22292137146
0.211000442505
0.211000442505
0.213146209717
0.203847885132
0.236034393311
0.21505355835
0.211000442505
0.209093093872
0.211000442505
0.216007232666
0.207901000977
0.2121925354
0.213861465454
0.207185745239
0.295162200928
0.216960906982
0.213861465454
0.217199325562
0.21505355835
0.214099884033
0.218868255615
0.218152999878
0.21505355835
0.277996063232
0.210046768188
0.293970108032
0.216960906982
0.214815139771
0.265121459961
0.218868255615
0.232934951782
0.235080718994
0.216007232666
0.218868255615
0.222206115723
0.228881835938
0.221014022827
0.21505355835
0.219106674194
0.223875045776
0.217914581299
0.218868255615
0.325918197632
0.218152999878
0.217914581299
0.213861465454
0.216960906982
0.221014022827
0.218868255615
0.217914581299
0.228881835938
0.228881835938
0.224113464355
0.221014022827
0.216007232666
0.22292137146
0.226020812988
0.280141830444
0.226020812988
0.223159790039
0.221967697144
0.386953353882
0.216960906982
0.245094299316
0.227928161621
0.221967697144
0.2281665802
0.223875045776
0.307083129883
0.226974487305
0.225067138672
0.22292137146
0.224113464355
0.264167785645
0.226974487305
0.230073928833
0.267028808594
0.444173812866
0.289916992188
0.225782394409
0.252962112427
0.227928161621
0.226020812988
0.226020812988
0.236034393311
0.229835510254
0.232934951782
0.241994857788
0.233888626099
0.228881835938
0.235080718994
0.237941741943
0.256061553955
0.265836715698
0.232219696045
0.231981277466
0.239849090576
0.232219696045
0.236988067627
0.245094299316
0.231981277466
0.324010848999
0.231981277466
0.231981277466
0.237941741943
0.232934951782
0.432968139648
0.243902206421
0.242948532104
0.231981277466
0.235080718994
0.233173370361
0.236988067627
0.236034393311
0.23889541626
0.237941741943
0.242948532104
0.239133834839
0.231027603149
0.237941741943
0.231981277466
0.235080718994
0.235080718994
0.235795974731
0.236988067627
0.239133834839
0.306129455566
0.298023223877
0.239849090576
0.239133834839
0.257015228271
0.240087509155
0.242948532104
0.244855880737
0.240087509155
0.241994857788
0.236988067627
0.23889541626
0.243902206421
0.249862670898
0.272989273071
0.309944152832
0.244140625
0.247001647949
0.245809555054
0.247001647949
0.244855880737
0.246047973633
0.243902206421
0.258922576904
0.248193740845
0.244140625
0.249147415161
0.245094299316
0.258922576904
0.247001647949
0.248908996582
0.252962112427
0.246047973633
0.334978103638
0.245094299316
0.247001647949
0.248908996582
0.247955322266
0.247001647949
0.321865081787
0.249147415161
0.509977340698
0.257015228271
0.247955322266
0.246047973633
0.244855880737
0.248908996582
0.252962112427
0.249147415161
0.250101089478
0.256061553955
0.25200843811
0.251054763794
0.261068344116
0.25200843811
0.25486946106
0.257968902588
0.327110290527
0.255107879639
0.255107879639
0.264883041382
0.250816345215
0.256061553955
0.257015228271
0.251054763794
0.330924987793
0.26798248291
0.259160995483
0.251054763794
0.261068344116
0.257968902588
0.324964523315
0.2601146698
0.256061553955
0.25486946106
0.257968902588
0.258922576904
0.257968902588
0.261068344116
0.261068344116
0.262022018433
0.314950942993
0.257968902588
0.265836715698
2.06398963928
0.648975372314
0.403165817261
0.340938568115
0.260829925537
0.288009643555
0.427007675171
0.285148620605
0.627040863037
0.35285949707
0.488996505737
0.261068344116
0.265836715698
0.257015228271
0.261068344116
0.266075134277
0.265121459961
0.26798248291
0.270843505859
0.264167785645
0.270128250122
0.267028808594
0.261068344116
0.262975692749
0.288009643555
0.354051589966
0.272035598755
0.262975692749
0.288963317871
0.26798248291
0.267028808594
0.265121459961
0.268936157227
0.271081924438
0.29993057251
0.350952148438
0.279188156128
0.316143035889
0.298976898193
0.501155853271
0.470876693726
0.282049179077
0.495910644531
0.842094421387
0.509977340698
0.279903411865
0.275850296021
0.586986541748
0.290155410767
