2.04706192017
0.427961349487
0.591993331909
0.439882278442
0.475883483887
0.431060791016
0.433206558228
0.434875488281
0.427007675171
0.428199768066
0.432968139648
0.438928604126
0.442028045654
0.432014465332
0.526905059814
0.452995300293
0.48303604126
0.473976135254
0.43511390686
0.432968139648
0.43511390686
0.440120697021
0.436067581177
0.449180603027
0.480890274048
0.466108322144
0.452995300293
0.49090385437
0.515937805176
0.454187393188
0.480175018311
0.53596496582
0.665903091431
0.953197479248
0.468015670776
0.587940216064
0.458002090454
0.45108795166
0.550985336304
0.699043273926
0.520944595337
0.442981719971
0.458955764771
0.435829162598
0.442028045654
0.454902648926
0.439167022705
0.450134277344
0.473976135254
0.447034835815
0.443935394287
0.45108795166
0.442981719971
0.444889068604
0.688076019287
0.663995742798
0.446081161499
0.456094741821
0.445127487183
0.452041625977
0.456094741821
0.451803207397
0.463008880615
0.448942184448
0.442028045654
0.581026077271
0.791072845459
0.715970993042
0.74315071106
0.663995742798
0.483989715576
0.470876693726
0.484943389893
0.694990158081
0.45108795166
0.450134277344
0.47492980957
0.792980194092
0.473976135254
0.486135482788
0.647068023682
0.452995300293
0.709056854248
0.781059265137
0.509977340698
0.77486038208
0.710010528564
0.561952590942
0.672101974487
0.63681602478
0.496864318848
0.753164291382
0.510931015015
0.655174255371
0.45108795166
0.453948974609
0.454902648926
0.494956970215
0.488996505737
0.448942184448
0.447988510132
0.453948974609
0.452041625977
0.482797622681
0.453233718872
0.456094741821
0.454902648926
0.525951385498
0.48303604126
0.483989715576
0.458002090454
0.457048416138
0.451803207397
0.455141067505
0.452041625977
0.449895858765
0.453948974609
0.453948974609
0.456094741821
0.452995300293
0.458002090454
0.456809997559
0.456094741821
0.463008880615
0.463008880615
0.456094741821
0.452995300293
0.457048416138
0.463008880615
0.464916229248
0.462055206299
0.504970550537
0.477075576782
0.463962554932
0.46181678772
0.465154647827
0.459909439087
0.483989715576
0.463008880615
0.464200973511
0.461101531982
0.497102737427
0.478982925415
0.45919418335
0.459909439087
0.463008880615
0.467777252197
0.458002090454
0.678062438965
0.489950180054
0.479936599731
0.46181678772
0.468015670776
0.460147857666
0.463008880615
0.460147857666
0.468015670776
0.463962554932
0.524997711182
0.478982925415
0.468015670776
0.581979751587
0.495910644531
0.473976135254
0.499963760376
0.464916229248
0.530004501343
0.530958175659
0.582933425903
0.468969345093
0.532150268555
0.464200973511
0.469923019409
0.468969345093
0.486135482788
0.808000564575
0.469923019409
0.514984130859
0.475883483887
0.473022460938
0.463962554932
0.504970550537
0.478982925415
0.46706199646
0.546216964722
0.469923019409
0.468969345093
0.486135482788
0.466108322144
0.466823577881
0.473022460938
0.47492980957
0.464916229248
0.471115112305
0.473022460938
0.47492980957
0.485181808472
0.469923019409
0.468015670776
0.484943389893
0.483989715576
0.504970550537
0.488996505737
0.473976135254
0.472068786621
0.479936599731
0.473976135254
0.479936599731
0.475883483887
0.473976135254
0.473022460938
0.478982925415
0.476121902466
0.472068786621
0.554084777832
0.552892684937
0.491142272949
0.48303604126
0.47492980957
0.482082366943
0.480890274048
0.634908676147
0.482082366943
0.487089157104
0.475168228149
0.478029251099
0.497102737427
0.479936599731
0.525951385498
0.515937805176
0.473976135254
0.686883926392
0.491142272949
0.488996505737
0.500917434692
0.509023666382
0.583171844482
0.488042831421
0.494956970215
0.488996505737
0.525951385498
0.502109527588
0.608205795288
0.486135482788
0.479936599731
0.492095947266
0.484943389893
0.493049621582
0.503063201904
0.503063201904
0.48303604126
0.479936599731
0.493049621582
0.48303604126
0.484943389893
0.48303604126
0.522136688232
0.486850738525
0.483989715576
0.482082366943
0.496864318848
0.488996505737
0.486850738525
0.537157058716
0.49090385437
0.486850738525
0.494956970215
0.680923461914
0.659942626953
0.824928283691
0.974893569946
0.570058822632
0.524044036865
0.880002975464
0.536918640137
0.514030456543
0.524997711182
0.788927078247
0.541925430298
1.57809257507
0.758171081543
0.555038452148
0.552892684937
0.633001327515
0.567197799683
0.595092773438
0.555992126465
0.572919845581
0.56004524231
0.575065612793
0.584125518799
0.548839569092
0.524044036865
0.491142272949
0.488996505737
0.563144683838
0.486135482788
0.487089157104
0.679016113281
0.537872314453
0.524044036865
0.552892684937
0.499963760376
0.499963760376
0.49901008606
0.500917434692
0.492095947266
0.49090385437
0.537872314453
0.49614906311
0.500917434692
0.500202178955
0.497102737427
0.570058822632
0.524044036865
0.504016876221
0.575065612793
0.504016876221
0.497817993164
0.504970550537
0.49901008606
0.500202178955
0.504016876221
0.499963760376
0.501871109009
0.498056411743
0.502824783325
0.49901008606
0.513792037964
0.503063201904
0.513076782227
0.504970550537
0.497102737427
0.511169433594
0.499963760376
0.502109527588
0.504970550537
0.508069992065
0.504970550537
0.543117523193
0.500917434692
0.498056411743
0.49901008606
0.504016876221
0.504970550537
0.502109527588
0.840187072754
0.49901008606
0.504016876221
0.504970550537
0.498056411743
0.49614906311
0.504970550537
0.501871109009
0.509023666382
0.507116317749
0.502824783325
0.504016876221
0.49901008606
0.504016876221
0.511884689331
0.509023666382
0.508069992065
0.509023666382
0.502824783325
0.505924224854
0.504970550537
0.515937805176
0.502109527588
0.511169433594
0.509023666382
0.510931015015
0.505924224854
0.505924224854
0.507116317749
0.511169433594
0.511169433594
0.503063201904
0.51212310791
0.521898269653
0.508069992065
0.509977340698
0.527858734131
0.518798828125
0.508069992065
0.516891479492
1.03092193604
0.563144683838
0.518083572388
0.559091567993
0.513076782227
0.514030456543
0.725984573364
0.526905059814
0.514984130859
0.514030456543
0.508069992065
0.516176223755
0.53596496582
0.516176223755
0.531911849976
0.509977340698
0.514984130859
0.514984130859
0.517129898071
0.51212310791
0.512838363647
0.514030456543
0.511884689331
0.511884689331
0.518798828125
0.521898269653
0.522136688232
0.515937805176
0.566005706787
0.549077987671
0.527858734131
0.52285194397
0.519037246704
0.514984130859
0.524044036865
0.632047653198
0.523090362549
0.519990921021
0.517845153809
0.518798828125
0.524997711182
0.735998153687
0.669956207275
0.68998336792
0.540971755981
0.548839569092
0.556945800781
0.53596496582
0.529050827026
0.536918640137
0.574111938477
0.528812408447
0.522136688232
0.519990921021
0.530958175659
0.519037246704
0.535011291504
0.522136688232
0.521183013916
0.525951385498
0.523090362549
0.524997711182
0.531911849976
0.521898269653
0.521898269653
0.530958175659
0.528812408447
0.526905059814
1.03998184204
0.727891921997
0.572919845581
0.651121139526
0.85186958313
0.577926635742
0.576972961426
0.649929046631
0.582933425903
0.579118728638
0.693798065186
0.571966171265
0.540971755981
0.530958175659
0.687122344971
0.574111938477
0.546932220459
0.712871551514
0.554084777832
0.530958175659
0.684976577759
0.556945800781
0.530004501343
0.53596496582
0.593185424805
0.530958175659
0.586986541748
0.532865524292
0.530004501343
0.576019287109
0.603199005127
0.698089599609
0.541925430298
0.53882598877
0.531911849976
0.532865524292
0.535011291504
0.845193862915
0.872135162354
1.06120109558
0.600099563599
0.627994537354
0.612020492554
0.640153884888
0.609874725342
0.622034072876
0.893831253052
0.615835189819
0.631093978882
1.31416320801
0.689029693604
0.767946243286
0.581979751587
0.886917114258
0.553846359253
0.549077987671
0.885009765625
0.532150268555
0.53596496582
0.582933425903
0.538110733032
0.532150268555
0.571966171265
0.58388710022
0.554084777832
0.542879104614
0.538110733032
0.542879104614
0.543832778931
0.582933425903
0.545024871826
0.713109970093
0.664949417114
0.846147537231
0.700950622559
0.541210174561
0.663042068481
0.541925430298
0.689029693604
0.537872314453
0.54407119751
0.542163848877
0.648975372314
0.576972961426
0.542879104614
0.537157058716
0.591993331909
0.579118728638
0.604152679443
0.543117523193
0.545978546143
0.656843185425
0.651836395264
0.542163848877
0.546216964722
0.643014907837
0.56004524231
0.594854354858
0.578880310059
0.553131103516
0.555038452148
0.545978546143
0.640869140625
0.617027282715
0.555038452148
0.552892684937
0.546932220459
0.550985336304
0.54407119751
0.555038452148
0.546932220459
0.600099563599
0.672817230225
0.555038452148
0.550985336304
0.56004524231
0.546932220459
0.627994537354
0.565052032471
0.548124313354
0.577926635742
0.554084777832
0.544786453247
0.549793243408
0.550031661987
0.552177429199
0.761032104492
0.548124313354
0.545024871826
0.550985336304
0.583171844482
0.547885894775
0.552892684937
0.564098358154
0.548839569092
0.570058822632
0.556945800781
0.550985336304
0.566959381104
0.554084777832
1.05094909668
0.701904296875
0.597953796387
1.21212005615
0.618934631348
0.680923461914
0.730991363525
0.638008117676
0.601053237915
0.861883163452
0.772953033447
2.08711624146
0.623941421509
0.552892684937
1.64294242859
0.568866729736
0.555038452148
0.561952590942
0.550985336304
0.552177429199
0.586986541748
0.559091567993
0.559091567993
0.575065612793
0.557899475098
0.556945800781
0.556945800781
0.607013702393
0.562191009521
0.561952590942
0.750064849854
0.566005706787
0.555038452148
0.555992126465
0.572919845581
0.571966171265
0.569820404053
0.566959381104
0.678062438965
0.663042068481
0.560998916626
0.564098358154
0.560998916626
0.563859939575
0.573873519897
0.560998916626
0.595092773438
0.55718421936
0.56004524231
0.570058822632
0.559091567993
0.562906265259
0.566959381104
0.641107559204
0.592947006226
0.563144683838
0.565052032471
0.562906265259
0.610113143921
0.558137893677
0.564098358154
0.566005706787
0.571012496948
0.564813613892
0.565052032471
0.571012496948
0.735998153687
0.58913230896
0.565052032471
0.569105148315
0.567197799683
0.648021697998
0.697135925293
1.59215927124
0.70595741272
0.667810440063
0.68998336792
0.669956207275
0.92601776123
0.634908676147
1.46198272705
0.645875930786
0.615835189819
0.735998153687
0.71907043457
0.672101974487
0.921010971069
0.638961791992
0.661134719849
0.603914260864
0.588893890381
0.593900680542
0.567197799683
0.782012939453
0.62894821167
0.846862792969
0.571966171265
0.57315826416
0.77486038208
0.571012496948
0.570058822632
0.604152679443
0.571012496948
0.602006912231
0.572919845581
0.56791305542
0.575065612793
0.575065612793
0.569820404053
0.572919845581
0.582933425903
0.57315826416
0.585079193115
0.571012496948
0.576019287109
0.580072402954
0.579118728638
0.570058822632
0.575065612793
0.576019287109
0.578880310059
0.575065612793
0.593900680542
0.578165054321
0.587940216064
0.616073608398
0.588893890381
0.643014907837
0.576019287109
0.580072402954
0.579118728638
0.586986541748
0.572919845581
0.580072402954
0.576972961426
0.585079193115
0.791788101196
0.837087631226
0.751972198486
0.70595741272
0.657081604004
0.586986541748
0.594139099121
0.604152679443
0.576972961426
0.591993331909
0.66089630127
0.741958618164
0.730991363525
0.85186958313
1.26004219055
0.58913230896
0.859975814819
0.63419342041
0.58388710022
0.61297416687
0.591993331909
0.58913230896
0.610113143921
0.890016555786
0.587940216064
0.586986541748
0.583171844482
0.59700012207
0.852108001709
0.613927841187
0.592947006226
0.58913230896
0.601053237915
0.586032867432
0.591993331909
0.59700012207
0.643014907837
0.663042068481
0.609159469604
0.594139099121
0.584840774536
0.598192214966
0.586032867432
0.587940216064
0.587940216064
0.593900680542
0.587940216064
0.582933425903
0.627040863037
0.606775283813
0.587940216064
0.590085983276
0.604867935181
0.591039657593
0.627994537354
0.598192214966
0.594854354858
0.600814819336
0.599145889282
0.590085983276
0.595808029175
0.613212585449
0.594854354858
0.590801239014
0.587940216064
0.591039657593
0.586986541748
0.589847564697
0.594854354858
0.60510635376
0.613927841187
0.599145889282
0.598907470703
0.613927841187
0.596046447754
0.675916671753
0.675916671753
0.686883926392
1.02305412292
0.633955001831
0.855922698975
1.08003616333
0.600814819336
0.785827636719
0.741004943848
0.730037689209
0.694036483765
0.615835189819
0.827074050903
0.890970230103
0.612020492554
0.593900680542
0.597953796387
0.59700012207
0.816106796265
0.646114349365
0.648021697998
0.687837600708
0.900030136108
0.746011734009
0.990152359009
0.653982162476
0.702857971191
0.680923461914
0.617027282715
0.602006912231
0.797033309937
0.620126724243
0.961065292358
0.948905944824
0.638961791992
0.614881515503
0.631809234619
0.603914260864
0.601053237915
0.686883926392
0.891208648682
0.604152679443
0.60510635376
0.59700012207
0.602006912231
0.608921051025
0.618934631348
0.648021697998
0.629901885986
1.26886367798
0.604867935181
0.61297416687
0.607013702393
0.606060028076
0.632047653198
0.66089630127
0.838994979858
0.611066818237
0.822067260742
0.612020492554
0.753879547119
0.904083251953
0.609874725342
0.642776489258
0.722885131836
0.623941421509
0.686168670654
0.808954238892
0.611066818237
0.691890716553
0.617027282715
0.609874725342
0.608921051025
0.602960586548
0.623941421509
0.605821609497
0.826835632324
0.62108039856
0.640153884888
0.610113143921
0.716924667358
0.663042068481
0.62108039856
0.696897506714
0.618934631348
0.678062438965
0.723123550415
0.607013702393
0.613212585449
0.612020492554
0.802993774414
0.607013702393
0.617027282715
0.693082809448
0.604867935181
0.661134719849
0.610828399658
0.65803527832
0.668048858643
0.62108039856
1.02496147156
0.622987747192
0.794172286987
0.61297416687
0.618934631348
0.641822814941
0.64492225647
0.76699256897
0.622034072876
0.634908676147
0.955820083618
0.843048095703
0.633001327515
0.615119934082
0.617980957031
0.679969787598
0.670909881592
0.620126724243
0.685930252075
0.612020492554
0.657081604004
0.624179840088
0.62108039856
0.617027282715
0.627994537354
0.691175460815
0.640869140625
0.613927841187
0.615119934082
0.622987747192
0.612020492554
0.619888305664
0.617027282715
0.620126724243
0.622987747192
0.646114349365
0.616073608398
0.624895095825
0.631093978882
0.648975372314
0.62084197998
0.627040863037
0.648975372314
0.640153884888
0.626087188721
0.625848770142
0.618934631348
0.625848770142
0.619888305664
0.623226165771
0.626802444458
0.684022903442
0.630855560303
0.622987747192
1.08504295349
0.620126724243
0.648021697998
0.656843185425
0.633001327515
0.67400932312
0.62894821167
0.622034072876
0.625133514404
0.638961791992
0.669002532959
0.793933868408
0.66089630127
0.623941421509
0.631093978882
0.624179840088
0.651121139526
0.62108039856
0.66614151001
1.01113319397
0.630140304565
0.645160675049
0.68998336792
0.725030899048
0.629901885986
0.632047653198
0.647068023682
0.627040863037
0.633955001831
0.67400932312
0.630855560303
0.62894821167
0.630140304565
0.653028488159
0.642061233521
0.627994537354
0.633001327515
0.630855560303
0.708818435669
0.698089599609
