0.0288486480713
0.0190734863281
0.0219345092773
0.0169277191162
0.0197887420654
0.0209808349609
0.018835067749
0.0190734863281
0.0238418579102
0.0171661376953
0.0250339508057
0.0221729278564
0.0209808349609
0.0278949737549
0.0259876251221
0.0190734863281
0.0250339508057
0.0209808349609
0.0221729278564
0.0197887420654
0.0169277191162
0.0259876251221
0.0250339508057
0.0231266021729
0.0200271606445
0.0169277191162
0.0228881835938
0.0200271606445
0.0209808349609
0.0231266021729
0.0238418579102
0.0209808349609
0.0209808349609
0.0219345092773
0.0269412994385
0.0228881835938
0.0219345092773
0.0259876251221
0.0231266021729
0.0190734863281
0.0209808349609
0.0240802764893
0.0250339508057
0.0231266021729
0.0259876251221
0.0450611114502
0.0250339508057
0.0250339508057
0.028133392334
0.0240802764893
0.0200271606445
0.0247955322266
0.0221729278564
0.0238418579102
0.0300407409668
0.0238418579102
0.0240802764893
0.018835067749
0.0200271606445
0.0231266021729
0.0269412994385
0.0228881835938
0.0240802764893
0.0219345092773
0.0219345092773
0.0219345092773
0.0259876251221
0.0250339508057
0.0629425048828
0.0340938568115
0.0300407409668
0.028133392334
0.0309944152832
0.0250339508057
0.0309944152832
0.0231266021729
0.0238418579102
0.0250339508057
0.0231266021729
0.0259876251221
0.0391006469727
0.0200271606445
0.0290870666504
0.018835067749
0.0228881835938
0.0209808349609
0.0231266021729
0.0231266021729
0.0429153442383
0.0309944152832
0.0200271606445
0.0247955322266
0.0259876251221
0.0228881835938
0.0269412994385
0.0240802764893
0.0278949737549
0.0219345092773
0.0247955322266
0.0271797180176
0.0259876251221
0.0240802764893
0.0288486480713
0.0319480895996
0.0219345092773
0.0269412994385
0.0221729278564
0.0250339508057
0.0250339508057
0.0231266021729
0.0219345092773
0.0238418579102
0.0228881835938
0.0269412994385
0.0288486480713
0.032901763916
0.0250339508057
0.100135803223
0.0269412994385
0.0259876251221
0.0348091125488
0.0278949737549
0.0309944152832
0.0278949737549
0.0259876251221
0.0369548797607
0.032901763916
0.0290870666504
0.0300407409668
0.0300407409668
0.0250339508057
0.0259876251221
0.0269412994385
0.028133392334
0.0271797180176
0.0238418579102
0.0278949737549
0.032901763916
0.0269412994385
0.0300407409668
0.0271797180176
0.028133392334
0.0309944152832
0.0290870666504
0.028133392334
0.0350475311279
0.0288486480713
0.0300407409668
0.0250339508057
0.0278949737549
0.0309944152832
0.028133392334
0.0240802764893
0.0309944152832
0.0240802764893
0.0309944152832
0.0321865081787
0.0298023223877
0.0278949737549
0.0290870666504
0.0250339508057
0.0309944152832
0.0290870666504
0.0269412994385
0.0259876251221
0.0290870666504
0.028133392334
0.0288486480713
0.0269412994385
0.0338554382324
0.0340938568115
0.032901763916
0.0300407409668
0.0371932983398
0.0350475311279
0.032901763916
0.0298023223877
0.0278949737549
0.0319480895996
0.0321865081787
0.0340938568115
0.0269412994385
0.0271797180176
0.0309944152832
0.0300407409668
0.0350475311279
0.0309944152832
0.0309944152832
0.0579357147217
0.0338554382324
0.028133392334
0.0309944152832
0.0278949737549
0.0300407409668
0.0309944152832
0.0278949737549
0.0290870666504
0.0360012054443
0.0331401824951
0.0331401824951
0.0340938568115
0.0340938568115
0.0331401824951
0.0300407409668
0.0360012054443
0.0369548797607
0.0350475311279
0.032901763916
0.0400543212891
0.0391006469727
0.0391006469727
0.0369548797607
0.0331401824951
0.032901763916
0.0388622283936
0.0350475311279
0.0379085540771
0.032901763916
0.0350475311279
0.03981590271
0.0739097595215
0.0460147857666
0.089168548584
0.0441074371338
0.032901763916
0.0410079956055
0.0348091125488
0.0369548797607
0.0410079956055
0.0410079956055
0.0410079956055
0.03981590271
0.0379085540771
0.0379085540771
0.0340938568115
0.0410079956055
0.0360012054443
0.0360012054443
0.0381469726562
0.0369548797607
0.032901763916
0.032901763916
0.0388622283936
0.0710487365723
0.0591278076172
0.107049942017
0.0460147857666
0.0360012054443
0.0360012054443
0.0638961791992
0.0360012054443
0.0391006469727
0.0407695770264
0.0369548797607
0.0360012054443
0.0369548797607
0.0429153442383
0.0400543212891
0.0419616699219
0.0450611114502
0.0400543212891
0.0431537628174
0.0500679016113
0.0369548797607
0.0410079956055
0.0379085540771
0.0381469726562
0.0419616699219
0.0388622283936
0.0529289245605
0.0441074371338
0.0450611114502
0.046968460083
0.03981590271
0.0360012054443
0.0400543212891
0.0388622283936
0.0391006469727
0.0381469726562
0.0340938568115
0.0481605529785
0.0431537628174
0.0371932983398
0.0388622283936
0.0388622283936
0.0350475311279
0.0381469726562
0.0410079956055
0.0369548797607
0.0369548797607
0.0381469726562
0.0360012054443
0.0407695770264
0.0419616699219
0.0360012054443
0.0391006469727
0.0360012054443
0.0360012054443
0.0457763671875
0.0410079956055
0.0438690185547
0.03981590271
0.0450611114502
0.046968460083
0.03981590271
0.0419616699219
0.0441074371338
0.0419616699219
0.0419616699219
0.0460147857666
0.0441074371338
0.0369548797607
0.0460147857666
0.0429153442383
0.046968460083
0.0591278076172
0.0641345977783
0.0429153442383
0.0429153442383
0.0488758087158
0.0438690185547
0.0431537628174
0.0419616699219
0.0438690185547
0.0491142272949
0.03981590271
0.0441074371338
0.0450611114502
0.0581741333008
0.0429153442383
0.053882598877
0.0431537628174
0.0429153442383
0.0448226928711
0.0529289245605
0.0450611114502
0.0438690185547
0.0441074371338
0.0441074371338
0.0438690185547
0.0419616699219
0.0419616699219
0.0460147857666
0.0419616699219
0.0448226928711
0.046968460083
0.046968460083
0.0460147857666
0.0431537628174
0.046968460083
0.0431537628174
0.0429153442383
0.0419616699219
0.0607967376709
0.046968460083
0.0500679016113
0.0479221343994
0.0429153442383
0.0441074371338
0.0438690185547
0.0441074371338
0.0429153442383
0.0460147857666
0.0410079956055
0.0441074371338
0.0460147857666
0.0460147857666
0.0460147857666
0.0488758087158
0.0460147857666
0.0460147857666
0.0457763671875
0.0448226928711
0.0460147857666
0.0460147857666
0.0481605529785
0.0481605529785
0.0450611114502
0.0460147857666
0.0460147857666
0.046968460083
0.046968460083
0.0488758087158
0.0479221343994
0.0472068786621
0.0481605529785
0.0450611114502
0.046968460083
0.0419616699219
0.046968460083
0.0510215759277
0.0479221343994
0.0500679016113
0.0460147857666
0.0498294830322
0.0479221343994
0.0460147857666
0.0491142272949
0.0510215759277
0.046968460083
0.0510215759277
0.0510215759277
0.046968460083
0.046968460083
0.0472068786621
0.0481605529785
0.0531673431396
0.0500679016113
0.0488758087158
0.046968460083
0.0519752502441
0.0500679016113
0.0491142272949
0.0519752502441
0.0472068786621
0.0498294830322
0.0510215759277
0.0500679016113
0.0479221343994
0.0510215759277
0.0522136688232
0.0491142272949
0.0507831573486
0.0541210174561
0.0500679016113
0.0488758087158
0.0460147857666
0.0529289245605
0.0600814819336
0.0488758087158
0.0460147857666
0.0529289245605
0.0488758087158
0.053882598877
0.0457763671875
0.0529289245605
0.0519752502441
0.0529289245605
0.0529289245605
0.0529289245605
0.0519752502441
0.0460147857666
0.0491142272949
0.046968460083
0.0519752502441
0.0569820404053
0.053882598877
0.0519752502441
0.0472068786621
0.0519752502441
0.046968460083
0.0500679016113
0.0531673431396
0.046968460083
0.0498294830322
0.0510215759277
0.0519752502441
0.0519752502441
0.0500679016113
0.0488758087158
0.0519752502441
0.0529289245605
0.0500679016113
0.0529289245605
0.0479221343994
0.0510215759277
0.0507831573486
0.0510215759277
0.0531673431396
0.0507831573486
0.0488758087158
0.0510215759277
0.0948905944824
0.0519752502441
0.0519752502441
0.0529289245605
0.0698566436768
0.0579357147217
0.0581741333008
0.053882598877
0.0522136688232
0.0529289245605
0.0510215759277
0.0569820404053
0.0598430633545
0.0519752502441
0.0510215759277
0.0569820404053
0.0588893890381
0.0550746917725
0.079870223999
0.0541210174561
0.0619888305664
0.0550746917725
0.0529289245605
0.0541210174561
0.0550746917725
0.0529289245605
0.0569820404053
0.0550746917725
0.0689029693604
0.0541210174561
0.0569820404053
0.0550746917725
0.0569820404053
0.06103515625
0.0550746917725
0.0619888305664
0.0569820404053
0.0529289245605
0.0550746917725
0.0619888305664
0.0529289245605
0.0560283660889
0.0529289245605
0.0629425048828
0.0560283660889
0.0541210174561
0.0572204589844
0.0507831573486
0.0569820404053
0.0557899475098
0.0510215759277
0.0569820404053
0.0510215759277
0.0579357147217
0.0519752502441
0.0550746917725
0.0569820404053
0.0588893890381
0.0550746917725
0.0579357147217
0.0519752502441
0.0569820404053
0.0588893890381
0.0569820404053
0.0548362731934
0.0560283660889
0.0569820404053
0.0579357147217
0.0550746917725
0.0541210174561
0.0588893890381
0.0581741333008
0.0550746917725
0.0579357147217
0.0581741333008
0.0550746917725
0.0581741333008
0.0588893890381
0.0541210174561
0.0579357147217
0.0588893890381
0.0629425048828
0.0600814819336
0.06103515625
0.0579357147217
0.0579357147217
0.0581741333008
0.0569820404053
0.0548362731934
0.06103515625
0.0579357147217
0.0619888305664
0.053882598877
0.0591278076172
0.0810623168945
0.0541210174561
0.0591278076172
0.0591278076172
0.053882598877
0.0550746917725
0.0619888305664
0.0581741333008
0.0600814819336
0.0550746917725
0.0548362731934
0.0557899475098
0.0860691070557
0.0679492950439
0.0598430633545
0.0569820404053
0.0820159912109
0.113010406494
0.0569820404053
0.0550746917725
0.0607967376709
0.06103515625
0.11682510376
0.0591278076172
0.0600814819336
0.0660419464111
0.0588893890381
0.0860691070557
0.0629425048828
0.068187713623
0.0638961791992
0.06103515625
0.0600814819336
0.0638961791992
0.0641345977783
0.0619888305664
0.0650882720947
0.122785568237
0.0629425048828
0.0810623168945
0.0598430633545
0.0619888305664
0.0619888305664
0.0591278076172
0.0910758972168
0.0669956207275
0.0607967376709
0.0588893890381
0.06103515625
0.06103515625
0.06103515625
0.0588893890381
0.0579357147217
0.103950500488
0.0941753387451
0.0629425048828
0.06103515625
0.0638961791992
0.0629425048828
0.0629425048828
0.0650882720947
0.0619888305664
0.0619888305664
0.0588893890381
0.0669956207275
0.0619888305664
0.0660419464111
0.0770092010498
0.06103515625
0.0631809234619
0.0729560852051
0.0910758972168
0.0629425048828
0.0641345977783
0.0638961791992
0.0710487365723
0.0629425048828
0.0619888305664
0.0629425048828
0.149965286255
0.0679492950439
0.0689029693604
0.06103515625
0.06103515625
0.0641345977783
0.06103515625
0.105857849121
0.0650882720947
0.0648498535156
0.0619888305664
0.06103515625
0.06103515625
0.0629425048828
0.0629425048828
0.0629425048828
0.0631809234619
0.0629425048828
0.0629425048828
0.0638961791992
0.0638961791992
0.0641345977783
0.0679492950439
0.0650882720947
0.0638961791992
0.0638961791992
0.0650882720947
0.0629425048828
0.0629425048828
0.0650882720947
0.0679492950439
0.0638961791992
0.0648498535156
0.0708103179932
0.0691413879395
0.0710487365723
0.0629425048828
0.0679492950439
0.0739097595215
0.0758171081543
0.0720024108887
0.0679492950439
0.0619888305664
0.0650882720947
0.0619888305664
0.0650882720947
0.0648498535156
0.0660419464111
0.0669956207275
0.0660419464111
0.0669956207275
0.0648498535156
0.0648498535156
0.06103515625
0.0650882720947
0.0638961791992
0.0710487365723
0.0660419464111
0.0729560852051
0.0739097595215
0.0669956207275
0.0669956207275
0.0720024108887
0.0679492950439
0.0679492950439
0.0770092010498
0.0660419464111
0.0669956207275
0.0731945037842
0.0679492950439
0.0669956207275
0.0729560852051
0.0789165496826
0.0669956207275
0.068187713623
0.0669956207275
0.0679492950439
0.0648498535156
0.0698566436768
0.0679492950439
0.0720024108887
0.0669956207275
0.0720024108887
0.0729560852051
0.0720024108887
0.0660419464111
0.0679492950439
0.0669956207275
0.075101852417
0.0700950622559
0.0669956207275
0.0660419464111
0.0720024108887
0.0901222229004
0.0731945037842
0.0708103179932
0.075101852417
0.0689029693604
0.0669956207275
0.0731945037842
0.0760555267334
0.0700950622559
0.0669956207275
0.0689029693604
0.0700950622559
0.0700950622559
0.0729560852051
0.0689029693604
0.0700950622559
0.0720024108887
0.0700950622559
0.0710487365723
0.0691413879395
0.0689029693604
0.0729560852051
0.0741481781006
0.0708103179932
0.0720024108887
0.0889301300049
0.0648498535156
0.0741481781006
0.0720024108887
0.0741481781006
0.0748634338379
0.0720024108887
0.0689029693604
0.068187713623
0.0679492950439
0.0710487365723
0.0708103179932
0.0729560852051
0.0720024108887
0.0679492950439
0.0720024108887
0.0710487365723
0.0691413879395
0.0679492950439
0.0710487365723
0.0669956207275
0.0691413879395
0.0710487365723
0.0700950622559
0.0801086425781
0.0739097595215
0.0700950622559
0.0729560852051
0.0789165496826
0.0720024108887
0.0700950622559
0.0729560852051
0.0779628753662
0.0860691070557
0.0729560852051
0.0698566436768
0.0729560852051
0.0720024108887
0.0720024108887
0.0679492950439
0.0710487365723
0.0700950622559
0.0729560852051
0.0739097595215
0.0729560852051
0.0710487365723
0.0710487365723
0.075101852417
0.0720024108887
0.0708103179932
0.0729560852051
0.0758171081543
0.0731945037842
0.0720024108887
0.0710487365723
0.0851154327393
0.0729560852051
0.0729560852051
0.0708103179932
0.0739097595215
0.0739097595215
0.0720024108887
0.0770092010498
0.0829696655273
0.109910964966
0.0739097595215
0.0779628753662
0.0770092010498
0.0720024108887
0.0729560852051
0.0729560852051
0.075101852417
0.0789165496826
0.079870223999
0.0789165496826
0.0958442687988
0.0760555267334
0.0739097595215
0.0779628753662
0.0698566436768
0.132083892822
0.141859054565
0.0739097595215
0.0770092010498
0.0779628753662
0.0729560852051
0.0739097595215
0.0729560852051
0.0801086425781
0.0770092010498
0.0748634338379
0.0739097595215
0.0741481781006
0.075101852417
0.0770092010498
0.0760555267334
0.0760555267334
0.0758171081543
0.0758171081543
0.0760555267334
0.0801086425781
0.0741481781006
0.0729560852051
0.0779628753662
0.0789165496826
0.0929832458496
0.0710487365723
0.0729560852051
0.075101852417
0.079870223999
0.075101852417
0.0720024108887
0.0839233398438
0.108957290649
0.0770092010498
0.075101852417
0.0770092010498
0.0789165496826
0.075101852417
0.0760555267334
0.0879764556885
0.107049942017
0.0760555267334
0.0848770141602
0.115156173706
0.0829696655273
0.0770092010498
0.0817775726318
0.0770092010498
0.0829696655273
0.0889301300049
0.0779628753662
0.0829696655273
0.0808238983154
0.0889301300049
0.113010406494
0.0829696655273
0.0791549682617
0.0789165496826
0.0770092010498
0.0779628753662
0.0848770141602
0.0789165496826
0.0779628753662
0.0810623168945
0.0767707824707
0.0829696655273
0.0779628753662
0.0829696655273
0.0820159912109
0.0879764556885
0.0810623168945
0.0901222229004
0.0789165496826
0.0848770141602
0.079870223999
0.0870227813721
0.0801086425781
0.089168548584
0.0770092010498
0.079870223999
0.0832080841064
0.0779628753662
0.0810623168945
0.079870223999
0.0920295715332
0.0808238983154
0.0748634338379
0.079870223999
0.089168548584
0.1220703125
0.0789165496826
0.0801086425781
0.0820159912109
0.0848770141602
0.1220703125
0.0882148742676
0.0848770141602
0.0779628753662
0.0858306884766
0.0791549682617
0.0791549682617
0.0858306884766
0.0829696655273
0.0889301300049
0.147819519043
0.135898590088
0.185012817383
0.109910964966
0.140190124512
0.140905380249
0.143051147461
0.147104263306
0.133037567139
0.118017196655
0.140905380249
0.0801086425781
0.113010406494
0.150918960571
0.0948905944824
0.11682510376
0.105142593384
0.089168548584
0.0898838043213
0.0858306884766
0.0870227813721
0.0879764556885
0.0829696655273
0.127077102661
0.0839233398438
0.0879764556885
0.0829696655273
0.0851154327393
0.0870227813721
0.143051147461
0.0839233398438
0.0791549682617
0.162839889526
0.0839233398438
0.0901222229004
0.0858306884766
0.0820159912109
0.0851154327393
0.0851154327393
0.0820159912109
0.0820159912109
0.0810623168945
0.0889301300049
0.0810623168945
0.0879764556885
0.086784362793
0.0810623168945
0.0839233398438
0.0841617584229
0.079870223999
0.0841617584229
0.0851154327393
