0.0309944152832
0.0238418579102
0.0231266021729
0.028133392334
0.0209808349609
0.0240802764893
0.0200271606445
0.0240802764893
0.0159740447998
0.02121925354
0.0219345092773
0.0159740447998
0.0159740447998
0.0240802764893
0.0219345092773
0.0200271606445
0.02121925354
0.0231266021729
0.0240802764893
0.0228881835938
0.0219345092773
0.0350475311279
0.200033187866
0.0238418579102
0.0209808349609
0.0259876251221
0.0300407409668
0.0262260437012
0.032901763916
0.0171661376953
0.0240802764893
0.0200271606445
0.0240802764893
0.0250339508057
0.0169277191162
0.0231266021729
0.0178813934326
0.0379085540771
0.0200271606445
0.0259876251221
0.0262260437012
0.018835067749
0.0228881835938
0.0231266021729
0.0228881835938
0.0221729278564
0.0269412994385
0.0169277191162
0.0159740447998
0.0250339508057
0.0221729278564
0.0219345092773
0.0171661376953
0.0200271606445
0.0169277191162
0.0219345092773
0.0200271606445
0.0209808349609
0.0209808349609
0.0209808349609
0.0200271606445
0.0178813934326
0.0259876251221
0.0288486480713
0.0288486480713
0.0250339508057
0.0159740447998
0.0240802764893
0.0209808349609
0.0250339508057
0.0159740447998
0.0271797180176
0.0209808349609
0.0169277191162
0.0259876251221
0.0219345092773
0.0171661376953
0.0228881835938
0.0209808349609
0.0340938568115
0.0360012054443
0.02121925354
0.0209808349609
0.0231266021729
0.0231266021729
0.0219345092773
0.0200271606445
0.0250339508057
0.0209808349609
0.0219345092773
0.0219345092773
0.02121925354
0.0219345092773
0.0240802764893
0.0200271606445
0.0228881835938
0.0240802764893
0.018835067749
0.0240802764893
0.0350475311279
0.0200271606445
0.0228881835938
0.0247955322266
0.0200271606445
0.0228881835938
0.0209808349609
0.0510215759277
0.0259876251221
0.0250339508057
0.0231266021729
0.0209808349609
0.0369548797607
0.0209808349609
0.0309944152832
0.0200271606445
0.0169277191162
0.0209808349609
0.0250339508057
0.0228881835938
0.0231266021729
0.0228881835938
0.0221729278564
0.0240802764893
0.0247955322266
0.0250339508057
0.0219345092773
0.0219345092773
0.0269412994385
0.0259876251221
0.0200271606445
0.0181198120117
0.0219345092773
0.0209808349609
0.0209808349609
0.0190734863281
0.0238418579102
0.0240802764893
0.0219345092773
0.0219345092773
0.0221729278564
0.0240802764893
0.0221729278564
0.0200271606445
0.0228881835938
0.0231266021729
0.0238418579102
0.0219345092773
0.0209808349609
0.0231266021729
0.0219345092773
0.0200271606445
0.0231266021729
0.0219345092773
0.0259876251221
0.0240802764893
0.0221729278564
0.0200271606445
0.0240802764893
0.0228881835938
0.0240802764893
0.0209808349609
0.0231266021729
0.0181198120117
0.0181198120117
0.0219345092773
0.0209808349609
0.0219345092773
0.0231266021729
0.0250339508057
0.0200271606445
0.0219345092773
0.0228881835938
0.0228881835938
0.0219345092773
0.0240802764893
0.0219345092773
0.0219345092773
0.0209808349609
0.0278949737549
0.0250339508057
0.0269412994385
0.0441074371338
0.0247955322266
0.0231266021729
0.0219345092773
0.0259876251221
0.0200271606445
0.0247955322266
0.0219345092773
0.0197887420654
0.0219345092773
0.0200271606445
0.0219345092773
0.0200271606445
0.0228881835938
0.0219345092773
0.0250339508057
0.0262260437012
0.0238418579102
0.0271797180176
0.0259876251221
0.0240802764893
0.0238418579102
0.0238418579102
0.0221729278564
0.0231266021729
0.0240802764893
0.0269412994385
0.0259876251221
0.0219345092773
0.0209808349609
0.0228881835938
0.0209808349609
0.0219345092773
0.0228881835938
0.0190734863281
0.0209808349609
0.0228881835938
0.0419616699219
0.0290870666504
0.0271797180176
0.0250339508057
0.0231266021729
0.0219345092773
0.0269412994385
0.0250339508057
0.0221729278564
0.0219345092773
0.0288486480713
0.0247955322266
0.0228881835938
0.0290870666504
0.0219345092773
0.0190734863281
0.0259876251221
0.0219345092773
0.0779628753662
0.0400543212891
0.0231266021729
0.0219345092773
0.0300407409668
0.0221729278564
0.0219345092773
0.0190734863281
0.0238418579102
0.0250339508057
0.0238418579102
0.0579357147217
0.0209808349609
0.0240802764893
0.0250339508057
0.0269412994385
0.0259876251221
0.0259876251221
0.0250339508057
0.0219345092773
0.0231266021729
0.0271797180176
0.0250339508057
0.0228881835938
0.0271797180176
0.0238418579102
0.0238418579102
0.0240802764893
0.0269412994385
0.0240802764893
0.0250339508057
0.0259876251221
0.0231266021729
0.0290870666504
0.0190734863281
0.0247955322266
0.0228881835938
0.0340938568115
0.0231266021729
0.0240802764893
0.0269412994385
0.0200271606445
0.0240802764893
0.0259876251221
0.0200271606445
0.0197887420654
0.0231266021729
0.0259876251221
0.0228881835938
0.0259876251221
0.0209808349609
0.0197887420654
0.0228881835938
0.0209808349609
0.0219345092773
0.0200271606445
0.0228881835938
0.0228881835938
0.0219345092773
0.0228881835938
0.0278949737549
0.0200271606445
0.0200271606445
0.0731945037842
0.0250339508057
0.0231266021729
0.0231266021729
0.0231266021729
0.0200271606445
0.0250339508057
0.0250339508057
0.0259876251221
0.0221729278564
0.0259876251221
0.0269412994385
0.0391006469727
0.0300407409668
0.0259876251221
0.0278949737549
0.0250339508057
0.0300407409668
0.0240802764893
0.0250339508057
0.0190734863281
0.0228881835938
0.0250339508057
0.0271797180176
0.0288486480713
0.0200271606445
0.0250339508057
0.0250339508057
0.0250339508057
0.0231266021729
0.0309944152832
0.0250339508057
0.0209808349609
0.0298023223877
0.0290870666504
0.0240802764893
0.0238418579102
0.0231266021729
0.0278949737549
0.0247955322266
0.0269412994385
0.0240802764893
0.0247955322266
0.0228881835938
0.0300407409668
0.0259876251221
0.0238418579102
0.0238418579102
0.0269412994385
0.0200271606445
0.0209808349609
0.0278949737549
0.0240802764893
0.0240802764893
0.0231266021729
0.0231266021729
0.0379085540771
0.0250339508057
0.028133392334
0.028133392334
0.0259876251221
0.0271797180176
0.0250339508057
0.0209808349609
0.0240802764893
0.0250339508057
0.0247955322266
0.0290870666504
0.0209808349609
0.0238418579102
0.0228881835938
0.0231266021729
0.0200271606445
0.0288486480713
0.0250339508057
0.0200271606445
0.0240802764893
0.0288486480713
0.0259876251221
0.0250339508057
0.0259876251221
0.0259876251221
0.0331401824951
0.0250339508057
0.0278949737549
0.0278949737549
0.0250339508057
0.0238418579102
0.0259876251221
0.0250339508057
0.0238418579102
0.0259876251221
0.0259876251221
0.0250339508057
0.0250339508057
0.0290870666504
0.0240802764893
0.0360012054443
0.0259876251221
0.0369548797607
0.0269412994385
0.0219345092773
0.0259876251221
0.0238418579102
0.0240802764893
0.0278949737549
0.0250339508057
0.0240802764893
0.0259876251221
0.0269412994385
0.0278949737549
0.0259876251221
0.0259876251221
0.0262260437012
0.0240802764893
0.0319480895996
0.0269412994385
0.0381469726562
0.0259876251221
0.0269412994385
0.0348091125488
0.0238418579102
0.0209808349609
0.0271797180176
0.0309944152832
0.0250339508057
0.0240802764893
0.0240802764893
0.0250339508057
0.0209808349609
0.0309944152832
0.0250339508057
0.0269412994385
0.0259876251221
0.0278949737549
0.0290870666504
0.0269412994385
0.0259876251221
0.0219345092773
0.0269412994385
0.0209808349609
0.0240802764893
0.028133392334
0.0360012054443
0.0259876251221
0.0269412994385
0.0278949737549
0.032901763916
0.0278949737549
0.0290870666504
0.0250339508057
0.0278949737549
0.0219345092773
0.0219345092773
0.0269412994385
0.0250339508057
0.0269412994385
0.0259876251221
0.0247955322266
0.0298023223877
0.0250339508057
0.0269412994385
0.0259876251221
0.0247955322266
0.0250339508057
0.0269412994385
0.028133392334
0.0219345092773
0.0259876251221
0.0259876251221
0.0259876251221
0.0269412994385
0.0250339508057
0.0290870666504
0.0288486480713
0.0240802764893
0.028133392334
0.0259876251221
0.028133392334
0.0259876251221
0.0250339508057
0.0288486480713
0.0319480895996
0.0250339508057
0.0259876251221
0.0309944152832
0.0240802764893
0.0290870666504
0.0219345092773
0.0269412994385
0.0259876251221
0.0269412994385
0.0240802764893
0.0271797180176
0.0288486480713
0.0221729278564
0.0250339508057
0.0269412994385
0.0290870666504
0.028133392334
0.0288486480713
0.0269412994385
0.028133392334
0.0238418579102
0.0219345092773
0.0259876251221
0.0259876251221
0.0271797180176
0.0219345092773
0.0290870666504
0.0309944152832
0.0290870666504
0.0290870666504
0.0269412994385
0.0278949737549
0.0269412994385
0.0250339508057
0.0290870666504
0.0300407409668
0.0269412994385
0.0271797180176
0.0290870666504
0.0269412994385
0.0269412994385
0.0321865081787
0.0290870666504
0.0240802764893
0.0219345092773
0.0259876251221
0.0250339508057
0.0269412994385
0.0250339508057
0.0228881835938
0.0250339508057
0.0278949737549
0.0250339508057
0.0240802764893
0.0288486480713
0.0290870666504
0.0300407409668
0.0250339508057
0.0259876251221
0.0290870666504
0.0259876251221
0.0269412994385
0.0391006469727
0.0300407409668
0.0278949737549
0.0259876251221
0.0269412994385
0.0250339508057
0.0259876251221
0.0250339508057
0.0228881835938
0.0219345092773
0.0231266021729
0.0271797180176
0.0250339508057
0.0228881835938
0.0250339508057
0.0269412994385
0.0259876251221
0.0438690185547
0.028133392334
0.028133392334
0.0259876251221
0.0278949737549
0.0228881835938
0.0271797180176
0.0250339508057
0.0231266021729
0.0259876251221
0.0300407409668
0.0278949737549
0.0269412994385
0.0278949737549
0.0278949737549
0.0271797180176
0.0259876251221
0.0238418579102
0.0319480895996
0.0259876251221
0.0290870666504
0.0288486480713
0.0269412994385
0.0300407409668
0.0250339508057
0.0300407409668
0.0479221343994
0.0250339508057
0.0300407409668
0.0259876251221
0.0271797180176
0.0400543212891
0.0269412994385
0.028133392334
0.028133392334
0.0290870666504
0.0290870666504
0.0259876251221
0.0290870666504
0.0271797180176
0.0290870666504
0.0278949737549
0.0309944152832
0.0228881835938
0.0331401824951
0.0288486480713
0.0269412994385
0.0290870666504
0.0231266021729
0.0278949737549
0.0269412994385
0.0309944152832
0.0240802764893
0.0278949737549
0.0238418579102
0.0269412994385
0.0708103179932
0.0290870666504
0.0259876251221
0.0290870666504
0.0290870666504
0.0290870666504
0.0278949737549
0.0278949737549
0.0269412994385
0.0271797180176
0.0300407409668
0.0269412994385
0.0240802764893
0.0240802764893
0.0269412994385
0.028133392334
0.0240802764893
0.0269412994385
0.0259876251221
0.0309944152832
0.0238418579102
0.0259876251221
0.0269412994385
0.0240802764893
0.0278949737549
0.0259876251221
0.0259876251221
0.0298023223877
0.0309944152832
0.028133392334
0.0309944152832
0.0259876251221
0.028133392334
0.0259876251221
0.0250339508057
0.0278949737549
0.0269412994385
0.0269412994385
0.0479221343994
0.0278949737549
0.0259876251221
0.0238418579102
0.0290870666504
0.0269412994385
0.0259876251221
0.0259876251221
0.0259876251221
0.0309944152832
0.0278949737549
0.0300407409668
0.0350475311279
0.0300407409668
0.0309944152832
0.0278949737549
0.0269412994385
0.0269412994385
0.032901763916
0.0290870666504
0.0240802764893
0.042200088501
0.0321865081787
0.0271797180176
0.0350475311279
0.0278949737549
0.0259876251221
0.0369548797607
0.0271797180176
0.0309944152832
0.0240802764893
0.0290870666504
0.032901763916
0.0290870666504
0.0238418579102
0.0269412994385
0.0271797180176
0.0269412994385
0.0269412994385
0.0290870666504
0.028133392334
0.0319480895996
0.0309944152832
0.028133392334
0.0269412994385
0.0269412994385
0.0340938568115
0.0269412994385
0.0259876251221
0.0319480895996
0.0350475311279
0.0269412994385
0.0259876251221
0.0250339508057
0.0348091125488
0.0309944152832
0.0290870666504
0.0259876251221
0.0309944152832
0.0309944152832
0.0298023223877
0.0290870666504
0.0269412994385
0.0300407409668
0.0288486480713
0.028133392334
0.0278949737549
0.032901763916
0.0309944152832
0.0288486480713
0.028133392334
0.0300407409668
0.028133392334
0.0238418579102
0.0720024108887
0.0298023223877
0.0369548797607
0.0300407409668
0.0319480895996
0.0391006469727
0.0278949737549
0.0300407409668
0.028133392334
0.0309944152832
0.0300407409668
0.0300407409668
0.028133392334
0.0259876251221
0.0967979431152
0.0510215759277
0.0360012054443
0.0619888305664
0.0300407409668
0.0710487365723
0.0290870666504
0.0271797180176
0.0309944152832
0.0441074371338
0.0319480895996
0.0290870666504
0.0271797180176
0.0290870666504
0.0319480895996
0.0319480895996
0.0350475311279
0.028133392334
0.0288486480713
0.0288486480713
0.0290870666504
0.0271797180176
0.0300407409668
0.0298023223877
0.0271797180176
0.0371932983398
0.0300407409668
0.0338554382324
0.0300407409668
0.0288486480713
0.0331401824951
0.0369548797607
0.0278949737549
0.0300407409668
0.0278949737549
0.0300407409668
0.0269412994385
0.0278949737549
0.0300407409668
0.028133392334
0.0309944152832
0.0250339508057
0.0321865081787
0.0638961791992
0.0290870666504
0.0288486480713
0.0271797180176
0.0271797180176
0.028133392334
0.028133392334
0.0629425048828
0.0290870666504
0.0300407409668
0.0290870666504
0.032901763916
0.0622272491455
0.0298023223877
0.0269412994385
0.0300407409668
0.0340938568115
0.0259876251221
0.0298023223877
0.0288486480713
0.0278949737549
0.0598430633545
0.0290870666504
0.0331401824951
0.0278949737549
0.0309944152832
0.0309944152832
0.0300407409668
0.0278949737549
0.0259876251221
0.0369548797607
0.0269412994385
0.0300407409668
0.0331401824951
0.0309944152832
0.0290870666504
0.0331401824951
0.0379085540771
0.0319480895996
0.0350475311279
0.0450611114502
0.0259876251221
0.0259876251221
0.0381469726562
0.0388622283936
0.0288486480713
0.0288486480713
0.0450611114502
0.0360012054443
0.0319480895996
0.046968460083
0.0519752502441
0.0841617584229
0.0629425048828
0.0360012054443
0.0338554382324
0.0350475311279
0.0410079956055
0.0369548797607
0.0429153442383
0.0419616699219
0.0400543212891
0.0309944152832
0.0269412994385
0.0298023223877
0.0309944152832
0.0288486480713
0.0300407409668
0.0340938568115
0.0278949737549
0.0419616699219
0.0309944152832
0.0300407409668
0.0300407409668
0.0319480895996
0.0300407409668
0.0340938568115
0.0319480895996
0.0309944152832
0.032901763916
0.0309944152832
0.0290870666504
0.0309944152832
0.032901763916
0.0290870666504
0.0259876251221
0.0309944152832
0.0379085540771
0.0259876251221
0.0290870666504
0.0379085540771
0.0319480895996
0.028133392334
0.0278949737549
0.0519752502441
0.0278949737549
0.0309944152832
0.0288486480713
0.0290870666504
0.0288486480713
0.0321865081787
0.0319480895996
0.032901763916
0.0381469726562
0.0541210174561
0.032901763916
0.0309944152832
0.0350475311279
0.0300407409668
0.0298023223877
0.0290870666504
0.0319480895996
0.0309944152832
0.0288486480713
0.0338554382324
0.0309944152832
0.068187713623
0.0300407409668
0.0290870666504
0.0309944152832
0.0319480895996
0.0350475311279
0.0290870666504
0.0290870666504
0.0309944152832
0.0278949737549
0.0298023223877
0.0331401824951
0.0259876251221
0.0309944152832
0.0309944152832
0.0278949737549
0.0348091125488
0.0300407409668
0.0309944152832
0.0290870666504
0.0309944152832
0.0309944152832
0.0340938568115
0.0309944152832
0.0290870666504
0.028133392334
0.0309944152832
0.0319480895996
0.0400543212891
0.0309944152832
0.0338554382324
0.0309944152832
0.0319480895996
0.0300407409668
0.0319480895996
0.0410079956055
0.032901763916
0.0309944152832
0.0319480895996
0.0290870666504
0.032901763916
0.0290870666504
0.0340938568115
0.0309944152832
0.0309944152832
0.0309944152832
0.0269412994385
0.0298023223877
0.0369548797607
0.032901763916
0.0300407409668
0.0319480895996
0.032901763916
0.0321865081787
0.0488758087158
0.0269412994385
0.0309944152832
0.0298023223877
0.0309944152832
0.032901763916
0.0309944152832
0.0269412994385
0.0300407409668
0.0319480895996
0.028133392334
0.0321865081787
0.0360012054443
0.0271797180176
0.0319480895996
0.0350475311279
0.0300407409668
0.0379085540771
0.0340938568115
0.0340938568115
0.0300407409668
0.0288486480713
0.032901763916
0.0319480895996
0.032901763916
0.0319480895996
0.0319480895996
0.0309944152832
0.0321865081787
0.0300407409668
0.0331401824951
0.0319480895996
0.046968460083
0.0300407409668
0.0319480895996
0.0419616699219
0.0340938568115
0.0300407409668
0.0300407409668
0.0350475311279
0.0350475311279
0.0319480895996
0.0298023223877
0.032901763916
