0.0209808349609
0.0231266021729
0.0238418579102
0.0219345092773
0.0231266021729
0.0181198120117
0.0219345092773
0.0209808349609
0.0259876251221
0.0238418579102
0.0190734863281
1.61194801331
0.0419616699219
0.0479221343994
0.0619888305664
0.0360012054443
0.0388622283936
0.0379085540771
0.0340938568115
0.0271797180176
0.0319480895996
0.032901763916
0.0300407409668
0.0240802764893
0.0388622283936
0.0419616699219
0.06103515625
0.0429153442383
0.286817550659
0.0309944152832
0.0410079956055
0.06103515625
0.0319480895996
0.0438690185547
0.0438690185547
0.0350475311279
0.0269412994385
0.0278949737549
0.0720024108887
0.028133392334
0.0278949737549
0.0271797180176
0.0340938568115
0.0298023223877
0.0269412994385
0.0290870666504
0.0309944152832
0.0247955322266
0.0309944152832
0.0448226928711
0.0238418579102
0.032901763916
0.0271797180176
0.0269412994385
0.0309944152832
0.0290870666504
0.0300407409668
0.0331401824951
0.032901763916
0.028133392334
0.0340938568115
0.032901763916
0.0250339508057
0.0290870666504
0.0319480895996
0.0228881835938
0.032901763916
0.0259876251221
0.0269412994385
0.0298023223877
0.0278949737549
0.0259876251221
0.0309944152832
0.0278949737549
0.0269412994385
0.0290870666504
0.0271797180176
0.0278949737549
0.0319480895996
0.0300407409668
0.028133392334
0.113964080811
0.0331401824951
0.0369548797607
0.0379085540771
0.0309944152832
0.028133392334
0.0269412994385
0.0319480895996
0.032901763916
0.0250339508057
0.0309944152832
0.0278949737549
0.0300407409668
0.0321865081787
0.0350475311279
0.0309944152832
0.0519752502441
0.0319480895996
0.0300407409668
0.046968460083
0.028133392334
0.0319480895996
0.0319480895996
0.0300407409668
0.0288486480713
0.042200088501
0.0309944152832
0.0338554382324
0.0309944152832
0.0259876251221
0.0348091125488
0.0340938568115
0.0350475311279
0.0331401824951
0.0309944152832
0.0350475311279
0.0350475311279
0.0309944152832
0.032901763916
0.0360012054443
0.0350475311279
0.0331401824951
0.0360012054443
0.0360012054443
0.0319480895996
0.0331401824951
0.0319480895996
0.0319480895996
0.0331401824951
0.0321865081787
0.0319480895996
0.0371932983398
0.0460147857666
0.0369548797607
0.0350475311279
0.032901763916
0.0450611114502
0.0431537628174
0.0371932983398
0.0340938568115
0.0438690185547
0.032901763916
0.0388622283936
0.0548362731934
0.0710487365723
0.0400543212891
0.0400543212891
0.0410079956055
0.0388622283936
0.0350475311279
0.0319480895996
0.0369548797607
0.0541210174561
0.0350475311279
0.0309944152832
0.0369548797607
0.0348091125488
0.0350475311279
0.0338554382324
0.0331401824951
0.0381469726562
0.0388622283936
0.0309944152832
0.0300407409668
0.0350475311279
0.0319480895996
0.0429153442383
0.0379085540771
0.0360012054443
0.0400543212891
0.0500679016113
0.0569820404053
0.0898838043213
0.0569820404053
0.0388622283936
0.0369548797607
0.0360012054443
0.0350475311279
0.0381469726562
0.06103515625
0.0391006469727
0.0410079956055
0.0591278076172
0.0350475311279
0.0429153442383
0.0720024108887
0.0410079956055
0.0410079956055
0.0340938568115
0.0360012054443
0.0350475311279
0.0391006469727
0.0360012054443
0.0400543212891
0.0331401824951
0.0388622283936
0.0419616699219
0.0410079956055
0.0400543212891
0.0381469726562
0.0381469726562
0.0381469726562
0.0391006469727
0.0369548797607
0.0479221343994
0.0531673431396
0.032901763916
0.0400543212891
0.0340938568115
0.0598430633545
0.0450611114502
0.0379085540771
0.0410079956055
0.0460147857666
0.0500679016113
0.0410079956055
0.0450611114502
0.0410079956055
0.0400543212891
0.0419616699219
0.0379085540771
0.0379085540771
0.0429153442383
0.0379085540771
0.03981590271
0.0381469726562
0.0371932983398
0.0431537628174
0.03981590271
0.0410079956055
0.0350475311279
0.0360012054443
0.0400543212891
0.0441074371338
0.0391006469727
0.046968460083
0.0419616699219
0.0391006469727
0.0479221343994
0.0360012054443
0.0391006469727
0.0460147857666
0.0400543212891
0.0400543212891
0.0410079956055
0.0410079956055
0.0441074371338
0.03981590271
0.0381469726562
0.0369548797607
0.0450611114502
0.0400543212891
0.0441074371338
0.0450611114502
0.0450611114502
0.0441074371338
0.0407695770264
0.0400543212891
0.0438690185547
0.0419616699219
0.0450611114502
0.0669956207275
0.0472068786621
0.0441074371338
0.0500679016113
0.0419616699219
0.0410079956055
0.0498294830322
0.0429153442383
0.0479221343994
0.0429153442383
0.0448226928711
0.0481605529785
0.0419616699219
0.0441074371338
0.0419616699219
0.046968460083
0.0388622283936
0.0429153442383
0.0479221343994
0.0431537628174
0.0789165496826
0.0429153442383
0.0460147857666
0.0450611114502
0.0431537628174
0.0441074371338
0.0450611114502
0.0450611114502
0.0441074371338
0.0429153442383
0.0448226928711
0.0450611114502
0.0419616699219
0.0920295715332
0.0758171081543
0.0748634338379
0.0739097595215
0.0488758087158
0.0739097595215
0.100135803223
0.0820159912109
0.205039978027
0.0541210174561
0.0791549682617
0.114917755127
0.0438690185547
0.0770092010498
0.0910758972168
0.0500679016113
0.0450611114502
0.0498294830322
0.0410079956055
0.0588893890381
0.0510215759277
0.0870227813721
0.0519752502441
0.0708103179932
0.0438690185547
0.0510215759277
0.0500679016113
0.0438690185547
0.0479221343994
0.0500679016113
0.0410079956055
0.0419616699219
0.0507831573486
0.0460147857666
0.0689029693604
0.0460147857666
0.046968460083
0.0481605529785
0.0481605529785
0.0550746917725
0.0600814819336
0.0581741333008
0.0550746917725
0.0529289245605
0.0519752502441
0.0908374786377
0.0829696655273
0.046968460083
0.0500679016113
0.0479221343994
0.0519752502441
0.046968460083
0.0488758087158
0.0481605529785
0.0479221343994
0.053882598877
0.0600814819336
0.0438690185547
0.0598430633545
0.046968460083
0.0438690185547
0.0929832458496
0.0479221343994
0.046968460083
0.0650882720947
0.0481605529785
0.0591278076172
0.0488758087158
0.046968460083
0.0460147857666
0.0519752502441
0.0441074371338
0.0491142272949
0.0550746917725
0.0550746917725
0.0491142272949
0.0510215759277
0.053882598877
0.0550746917725
0.0529289245605
0.0519752502441
0.0529289245605
0.107049942017
0.0541210174561
0.0519752502441
0.0529289245605
0.0529289245605
0.0500679016113
0.0951290130615
0.0679492950439
0.0491142272949
0.0488758087158
0.0600814819336
0.0491142272949
0.0529289245605
0.0510215759277
0.0519752502441
0.0929832458496
0.0500679016113
0.0510215759277
0.0519752502441
0.0529289245605
0.0500679016113
0.0510215759277
0.0510215759277
0.0500679016113
0.0579357147217
0.10085105896
0.0550746917725
0.0548362731934
0.0519752502441
0.0510215759277
0.046968460083
0.0519752502441
0.0519752502441
0.0579357147217
0.0550746917725
0.0700950622559
0.0541210174561
0.0519752502441
0.0481605529785
0.108003616333
0.0920295715332
0.0519752502441
0.0510215759277
0.0519752502441
0.0500679016113
0.0541210174561
0.0879764556885
0.0579357147217
0.0569820404053
0.0629425048828
0.0720024108887
0.0529289245605
0.0550746917725
0.0529289245605
0.0619888305664
0.0529289245605
0.0569820404053
0.0491142272949
0.0531673431396
0.0588893890381
0.0529289245605
0.0581741333008
0.0569820404053
0.0851154327393
0.0548362731934
0.0579357147217
0.0500679016113
0.06103515625
0.0600814819336
0.0550746917725
0.0529289245605
0.0660419464111
0.0541210174561
0.0500679016113
0.0579357147217
0.0591278076172
0.1060962677
0.0529289245605
0.0510215759277
0.0550746917725
0.053882598877
0.0541210174561
0.0541210174561
0.0548362731934
0.104904174805
0.0541210174561
0.0569820404053
0.0600814819336
0.0550746917725
0.075101852417
0.0572204589844
0.0560283660889
0.0588893890381
0.0619888305664
0.0550746917725
0.0629425048828
0.0541210174561
0.0638961791992
0.0689029693604
0.06103515625
0.053882598877
0.0560283660889
0.0581741333008
0.0548362731934
0.0650882720947
0.0541210174561
0.0591278076172
0.0591278076172
0.0600814819336
0.0679492950439
0.0581741333008
0.0579357147217
0.0572204589844
0.0619888305664
0.0588893890381
0.0631809234619
0.0619888305664
0.0569820404053
0.06103515625
0.0560283660889
0.0619888305664
0.0600814819336
0.0569820404053
0.0569820404053
0.0579357147217
0.109910964966
0.053882598877
0.0641345977783
0.0588893890381
0.06103515625
0.0631809234619
0.0579357147217
0.0641345977783
0.0760555267334
0.0591278076172
0.0600814819336
0.0638961791992
0.0598430633545
0.101089477539
0.0591278076172
0.118017196655
0.109910964966
0.0600814819336
0.0648498535156
0.0579357147217
0.0648498535156
0.0560283660889
0.0638961791992
0.0569820404053
0.101804733276
0.0622272491455
0.0629425048828
0.0679492950439
0.06103515625
0.0641345977783
0.101089477539
0.0638961791992
0.0660419464111
0.0638961791992
0.0600814819336
0.0729560852051
0.0600814819336
0.0619888305664
0.0629425048828
0.0638961791992
0.0591278076172
0.0579357147217
0.0669956207275
0.0569820404053
0.0598430633545
0.112056732178
0.0770092010498
0.0641345977783
0.0691413879395
0.0691413879395
0.0648498535156
0.0607967376709
0.0588893890381
0.0629425048828
0.0669956207275
0.0619888305664
0.0619888305664
0.0669956207275
0.0619888305664
0.110864639282
0.0641345977783
0.0669956207275
0.0600814819336
0.0607967376709
0.0629425048828
0.0660419464111
0.126123428345
0.0619888305664
0.0638961791992
0.0629425048828
0.0660419464111
0.075101852417
0.1060962677
0.108003616333
0.113010406494
0.0710487365723
0.0629425048828
0.0720024108887
0.123023986816
0.0619888305664
0.0710487365723
0.06103515625
0.0629425048828
0.0691413879395
0.0600814819336
0.0848770141602
0.200986862183
0.0638961791992
0.0660419464111
0.0641345977783
0.0641345977783
0.0638961791992
0.0638961791992
0.0629425048828
0.0660419464111
0.0929832458496
0.0729560852051
0.065803527832
0.0650882720947
0.0660419464111
0.0679492950439
0.104188919067
0.0669956207275
0.0679492950439
0.0720024108887
0.225067138672
0.0679492950439
0.0679492950439
0.068187713623
0.0698566436768
0.0741481781006
0.0700950622559
0.0770092010498
0.0700950622559
0.0700950622559
0.0650882720947
0.0729560852051
0.0679492950439
0.0648498535156
0.0760555267334
0.118970870972
0.0748634338379
0.079870223999
0.068187713623
0.0648498535156
0.0948905944824
0.0691413879395
0.0669956207275
0.0679492950439
0.0948905944824
0.163078308105
0.068187713623
0.0689029693604
0.068187713623
0.119924545288
0.0660419464111
0.0710487365723
0.0669956207275
0.075101852417
0.0708103179932
0.0669956207275
0.0679492950439
0.104904174805
0.0689029693604
0.0710487365723
0.075101852417
0.0669956207275
0.0689029693604
0.075101852417
0.0641345977783
0.0700950622559
0.0691413879395
0.0720024108887
0.0708103179932
0.0669956207275
0.0638961791992
0.132083892822
0.115871429443
0.127077102661
0.11420249939
0.0748634338379
0.0720024108887
0.0770092010498
0.10085105896
0.0679492950439
0.0689029693604
0.117063522339
0.0710487365723
0.075101852417
0.0691413879395
0.0710487365723
0.0689029693604
0.0691413879395
0.0700950622559
0.0879764556885
0.075101852417
0.0698566436768
0.0741481781006
0.0720024108887
0.0760555267334
0.100135803223
0.0739097595215
0.0729560852051
0.0748634338379
0.0710487365723
0.0779628753662
0.0710487365723
0.0810623168945
0.0860691070557
0.0808238983154
0.357151031494
0.0691413879395
0.0700950622559
0.0710487365723
0.0689029693604
0.0860691070557
0.0710487365723
0.153064727783
0.0689029693604
0.0760555267334
0.0839233398438
0.075101852417
0.0710487365723
0.0789165496826
0.0739097595215
0.0760555267334
0.0779628753662
0.0710487365723
0.0767707824707
0.0710487365723
0.0848770141602
0.0741481781006
0.075101852417
0.0679492950439
0.0689029693604
0.0720024108887
0.0741481781006
0.0801086425781
0.0720024108887
0.0758171081543
0.0739097595215
0.128030776978
0.0789165496826
0.0720024108887
0.0851154327393
0.0770092010498
0.0739097595215
0.0710487365723
0.0779628753662
0.0748634338379
0.0770092010498
0.0789165496826
0.0729560852051
0.0729560852051
0.0841617584229
0.0829696655273
0.0739097595215
0.0758171081543
0.075101852417
0.0789165496826
0.0770092010498
0.0779628753662
0.0779628753662
0.0758171081543
0.075101852417
0.0789165496826
0.075101852417
0.0729560852051
0.0817775726318
0.0758171081543
0.231027603149
0.142812728882
0.130891799927
0.119924545288
0.131845474243
0.126123428345
0.128030776978
0.130891799927
0.125885009766
0.179052352905
0.217199325562
0.12993812561
0.12993812561
0.132083892822
0.13279914856
0.0979900360107
0.136852264404
0.104904174805
0.124931335449
0.0720024108887
0.0791549682617
0.0820159912109
0.0731945037842
0.0779628753662
0.0879764556885
0.0731945037842
0.0810623168945
0.0779628753662
0.079870223999
0.0770092010498
0.0860691070557
0.0820159912109
0.0779628753662
0.0770092010498
0.0782012939453
0.0860691070557
0.0860691070557
0.0910758972168
0.0801086425781
0.0779628753662
0.0820159912109
0.0839233398438
0.101089477539
0.0770092010498
0.0789165496826
0.0801086425781
0.0779628753662
0.0779628753662
0.0789165496826
0.0758171081543
0.075101852417
0.0770092010498
0.0789165496826
0.0829696655273
0.0810623168945
0.155925750732
0.0820159912109
0.0870227813721
0.0870227813721
0.0760555267334
0.0808238983154
0.0810623168945
0.0779628753662
0.079870223999
0.0801086425781
0.0829696655273
0.0789165496826
0.0801086425781
0.0810623168945
0.079870223999
0.0820159912109
0.0851154327393
0.0789165496826
0.0929832458496
0.173091888428
0.0829696655273
0.079870223999
0.079870223999
0.0820159912109
0.113010406494
0.0810623168945
0.104904174805
0.0779628753662
0.0841617584229
0.0870227813721
0.0851154327393
0.0791549682617
0.0829696655273
0.0820159912109
0.0801086425781
0.0929832458496
0.0789165496826
0.0779628753662
0.0841617584229
0.0789165496826
0.0801086425781
0.0810623168945
0.079870223999
0.0820159912109
0.0870227813721
0.0879764556885
0.0841617584229
0.0820159912109
0.0841617584229
0.0860691070557
0.0839233398438
0.0920295715332
0.0858306884766
0.0810623168945
0.0870227813721
0.0801086425781
0.089168548584
0.0910758972168
0.0879764556885
0.0829696655273
0.0851154327393
0.0860691070557
0.0829696655273
0.0832080841064
0.0820159912109
0.0839233398438
0.0860691070557
0.0882148742676
0.0820159912109
0.0889301300049
0.0829696655273
0.086784362793
0.089168548584
0.0851154327393
0.0858306884766
0.0820159912109
0.0960826873779
0.086784362793
0.0917911529541
0.0889301300049
0.0908374786377
0.0832080841064
0.0910758972168
0.0910758972168
0.0841617584229
0.0901222229004
0.0929832458496
0.0860691070557
0.176906585693
0.151872634888
0.159978866577
0.107049942017
0.102996826172
0.113964080811
0.123977661133
0.104904174805
0.121831893921
0.149011611938
0.109910964966
0.101804733276
0.0832080841064
0.0889301300049
0.0848770141602
0.0860691070557
0.0898838043213
0.0910758972168
0.0901222229004
0.0951290130615
0.0920295715332
0.0910758972168
0.0979900360107
0.0889301300049
0.0898838043213
0.0860691070557
0.0870227813721
0.0860691070557
0.0970363616943
0.118017196655
0.0920295715332
0.0920295715332
0.0970363616943
0.0901222229004
0.0898838043213
0.093936920166
0.0851154327393
0.158071517944
0.102043151855
0.0879764556885
0.0929832458496
0.093936920166
0.0898838043213
0.0841617584229
0.0858306884766
0.0879764556885
0.0860691070557
0.128984451294
0.0989437103271
0.0858306884766
0.0941753387451
0.0870227813721
0.0860691070557
0.0951290130615
0.0901222229004
0.0910758972168
0.0860691070557
0.0967979431152
0.093936920166
0.0991821289062
0.0910758972168
0.0910758972168
0.0929832458496
0.15115737915
0.156879425049
0.0879764556885
0.0841617584229
0.0920295715332
0.0929832458496
0.0860691070557
0.0929832458496
0.0841617584229
0.093936920166
0.0910758972168
0.0879764556885
0.0879764556885
0.0920295715332
0.0929832458496
0.0989437103271
0.171899795532
0.0960826873779
0.0901222229004
0.0929832458496
0.0948905944824
0.0889301300049
0.0898838043213
0.093936920166
0.0998973846436
0.0889301300049
0.0898838043213
0.0998973846436
0.0960826873779
0.0910758972168
0.0870227813721
0.140905380249
0.0998973846436
0.0989437103271
0.104904174805
0.0979900360107
0.156879425049
0.0901222229004
0.0951290130615
0.0901222229004
0.0979900360107
0.0989437103271
