4.99987602234
6.00004196167
6.00004196167
5.99980354309
7.99989700317
6.99996948242
8.00013542175
6.99996948242
7.99989700317
8.00013542175
6.99996948242
9.0000629425
8.00013542175
9.99999046326
8.99982452393
9.99999046326
9.0000629425
9.0000629425
10.0002288818
9.99999046326
10.999917984
9.99999046326
9.0000629425
11.0001564026
13.0000114441
8.00013542175
15.0001049042
13.0000114441
39.999961853
13.9999389648
34.0001583099
37.9998683929
15.9997940063
13.0000114441
16.9999599457
14.0001773834
17.9998874664
13.9999389648
14.9998664856
17.0001983643
15.0001049042
16.9999599457
16.9999599457
15.0001049042
16.9999599457
15.0001049042
16.0000324249
16.9999599457
16.9999599457
16.0000324249
19.9999809265
27.0001888275
16.9999599457
19.9999809265
17.9998874664
16.9999599457
16.9999599457
19.0000534058
16.9999599457
20.9999084473
20.9999084473
19.0000534058
23.0000019073
22.0000743866
20.9999084473
22.0000743866
23.0000019073
22.0000743866
21.0001468658
19.9999809265
23.9999294281
21.999835968
22.0000743866
20.9999084473
24.0001678467
20.9999084473
23.0000019073
23.0000019073
26.0000228882
24.0001678467
21.999835968
23.0000019073
20.9999084473
21.0001468658
22.0000743866
25.0000953674
23.9999294281
26.0000228882
23.0000019073
23.0000019073
23.0000019073
24.0001678467
23.0000019073
23.0000019073
21.0001468658
26.0000228882
21.0001468658
26.0000228882
20.9999084473
28.9998054504
